Username,Date,Retweets,Favorites,Message,Hashtags,Mentions
,2016-12-27 12:44:15,5,5,"Trump sent his own plane to rescue 200 stranded Marines . Hillary did what? (hint - wars injured dead soldiers Benghazi lied to families) https:// twitter.com/NickReeves45/s tatus/812393634762866689 ",,
,2016-12-17 13:53:14,6,6,"Trump sent his own plane to transport stranded Marines where's the liberal media? https:// youtu.be/tIXevCyvT9c",,
,2016-12-10 15:58:16,0,0,"Dumbing Down America!! FAKE NEWS! Trump sent his own plane to pick up 200 Marines ! 84% of idiots believed this LIE!! God help us!!",,
,2016-12-07 01:39:18,0,0,"PRESIDENT TRUMP WOULD HAVE SENT HIS OWN PLANE TO SAVE THEM! JUST LIKE HE DID FOR 200 MARINES IN AFGHANISTAN! NOT MANY PEOPLE KNOW THIS.... https:// twitter.com/roycan79/statu s/775225340927107072 ",,
,2016-11-17 12:33:18,0,0,"Donald Trump Sent His Own Plane To Transport 200 Stranded Marines http:// fb.me/8mZA5Q8AS",,
,2016-11-08 09:52:03,0,0,"Donald Trump Sent His Own Plane To Transport 200 Stranded Marines http:// fb.me/5gb4EOKE0",,
,2016-11-07 10:06:11,0,0,"Donald Trump Sent His Own Plane To Transport 200 Stranded Marines http:// fb.me/4vIVrJPRX",,
,2016-11-06 16:01:23,0,0,"Donald Trump Sent His Own Plane To Transport 200 Stranded Marines http:// uconservative.com/2016/11/06/don ald-trump-sent-plane-transport-200-stranded-marines/ ",,
,2016-11-06 13:21:44,0,0,"#SundayMorning http:// ift.tt/2eCKFnG Donald Trump Sent His Own Plane To Transport 200 Stranded Marines - UConservative #VoteTrump",#SundayMorning #VoteTrump,
,2016-11-06 13:19:38,2,2,"#MAGA http:// ift.tt/2eCKFnG Donald Trump Sent His Own Plane To Transport 200 Stranded Marines - UConservative",#MAGA,
,2016-11-06 12:43:38,27,23,"Donald Trump Sent His Own Plane To Transport 200 Stranded Marines http:// uconservative.com/2016/11/06/don ald-trump-sent-plane-transport-200-stranded-marines/ ",,
,2016-11-06 12:24:17,0,0,"Donald Trump Sent His Own Plane To Transport 200 Stranded Marines https:// goo.gl/2EO5L7 #trump #TrumpTrain #TrumpPence16 #maga #NoHillary",#trump #TrumpTrain #TrumpPence16 #maga #NoHillary,
,2016-10-27 20:14:49,0,0,"Donald Trump Sent His Own Plane To Transport 200 Stranded Marines http:// fb.me/7PzjhRdwc",,
,2016-10-26 22:47:20,0,0,"Donald Trump Sent His Own Plane To Transport 200 Stranded Marines http:// fb.me/5rOZcPp8y",,
,2016-10-26 14:52:18,0,0,"Donald Trump Sent His Own Plane To Transport 200 Stranded Marines http:// fb.me/30XkRj67U",,
,2016-10-25 16:39:07,0,0,"Donald Trump Sent His Own Plane To Transport 200 Stranded Marines http:// fb.me/5McKneheo",,
,2016-10-25 15:25:31,0,0,"Donald Trump Sent His Own Plane To Transport 200 Stranded Marines http:// fb.me/1Bq9cWKVM",,
,2016-10-24 21:59:04,0,0,"Donald Trump Sent His Own Plane To Transport 200 Stranded Marines http:// fb.me/1tTShsKEe",,
,2016-10-24 20:46:29,0,0,"Donald Trump Sent His Own Plane To Transport 200 Stranded Marines http:// fb.me/1e3puc99u",,
,2016-10-24 20:46:23,1,1,"Donald Trump Sent His Own Plane To Transport 200 Stranded Marines  American Military News http:// ln.is/americanmilita rynews.com/rCGSX ",,
,2016-10-24 20:06:30,0,0,"Donald Trump Sent His Own Plane To Transport 200 Stranded Marines http:// fb.me/4DJM1tCMh",,
,2016-10-24 13:57:07,0,0,"Donald Trump Sent His Own Plane To Transport 200 Stranded Marines http:// fb.me/5yIlVRoox",,
,2016-10-24 08:56:12,0,0,"Donald Trump Sent His Own Plane To Transport 200 Stranded Marines http:// fb.me/4nbbRr6la",,
,2016-10-24 07:25:39,0,0,"Donald Trump Sent His Own Plane To Transport 200 Stranded Marines http:// fb.me/7U8Im2es2",,
,2016-10-23 22:46:06,0,0,"Donald Trump Sent His Own Plane To Transport 200 Stranded Marines http:// fb.me/3LrRUCk6a",,
,2016-10-23 22:37:46,0,0,"Donald Trump Sent His Own Plane To Transport 200 Stranded Marines http:// fb.me/4TNyoDxJ8",,
,2016-10-23 17:20:22,0,0,"Donald Trump Sent His Own Plane To Transport 200 Stranded Marines http:// fb.me/958zdrVKB",,
,2016-10-23 14:26:43,0,0,"Donald Trump Sent His Own Plane To Transport 200 Stranded Marines http:// fb.me/4yjayf0FZ",,
,2016-10-23 12:25:24,0,0,"Donald Trump Sent His Own Plane To Transport 200 Stranded Marines http:// fb.me/3dIDcqCr5",,
,2016-10-22 22:20:31,0,0,"Donald Trump Sent His Own Plane To Transport 200 Stranded Marines http:// fb.me/4whXq6VdT",,
,2016-10-22 21:43:52,0,0,"Donald Trump Sent His Own Plane To Transport 200 Stranded Marines http:// fb.me/5lmuM1hLR",,
,2016-10-22 14:35:33,0,0,"Donald Trump Sent His Own Plane To Transport 200 Stranded Marines http:// fb.me/1F4oxIa6W",,
,2016-10-22 11:06:30,0,0,"Donald Trump Sent His Own Plane To Transport 200 Stranded Marines http:// fb.me/7yTwjbTu3",,
,2016-10-22 08:14:57,0,0,"Donald Trump Sent His Own Plane To Transport 200 Stranded Marines  American Military News http:// americanmilitarynews.com/2016/05/donald -trump-sent-his-own-plane-to-transport-200-stranded-marines/ ",,
,2016-10-21 22:45:20,0,0,"Donald Trump Sent His Own Plane To Transport 200 Stranded Marines ~ Yes It's True https:// goo.gl/2PwGA7",,
,2016-10-21 21:28:29,0,1,"Donald Trump Sent His Own Plane To Transport 200 Stranded Marines http:// fb.me/364Z5aDL6",,
,2016-10-21 20:26:21,20,15,"Donald Trump Sent His Own Plane To Transport 200 Stranded Marines  American Military News http:// americanmilitarynews.com/2016/05/donald -trump-sent-his-own-plane-to-transport-200-stranded-marines/ ",,
,2016-10-21 13:43:42,0,0,"Donald Trump Sent His Own Plane To Transport 200 Stranded Marines http:// fb.me/7jfVoSyBk",,
,2016-10-21 13:06:40,0,0,"Donald Trump Sent His Own Plane To Transport 200 Stranded Marines         ... http:// fb.me/47GGsi1sX",,
,2016-10-20 22:07:48,6,3,"From earlier this year Donald Trump Sent His Own Plane To Transport 200 Stranded Marines http:// americanmilitarynews.com/2016/05/donald -trump-sent-his-own-plane-to-transport-200-stranded-marines/  #ImWithYou",#ImWithYou,
,2016-10-20 21:36:50,0,0,"Donald Trump Sent His Own Plane To Transport 200 Stranded Marines http:// fb.me/52JCfhFa9",,
,2016-10-20 21:04:28,1,1,"Donald Trump Sent His Own Plane To Transport 200 Stranded Marines  American Military News http:// americanmilitarynews.com/2016/05/donald -trump-sent-his-own-plane-to-transport-200-stranded-marines/?utm_campaign=shareaholic&utm_medium=facebook&utm_source=socialnetwork ",,
,2016-10-20 18:42:59,0,0,"Donald Trump Sent His Own Plane To Transport 200 Stranded Marines http:// fb.me/2sMMbLI0J",,
,2016-10-20 18:20:38,1,1,"@seanhannity #TBT Donald Trump Sent His Own Plane To Transport 200 Stranded Marines  American Military News http:// americanmilitarynews.com/2016/05/donald -trump-sent-his-own-plane-to-transport-200-stranded-marines/ ",#TBT,@seanhannity
,2016-10-20 17:14:31,0,0,"Donald Trump Sent His Own Plane To Transport 200 Stranded Marines http:// fb.me/RF7289aX",,
,2016-10-20 16:20:28,0,1,"Donald Trump Sent His Own Plane To Transport 200 Stranded Marines http:// fb.me/2JrzhFsiB",,
,2016-10-20 13:09:05,0,0,"Donald Trump Sent His Own Plane To Transport 200 Stranded Marines http:// fb.me/1GuNKIc0Z",,
,2016-10-20 13:06:57,0,0,"Donald Trump Sent His Own Plane To Transport 200 Stranded Marines http:// fb.me/1oeW8TVSC",,
,2016-10-20 12:32:29,0,0,"Trump sent his own plane to pick up stranded Marines https:// goo.gl/2PwGA7",,
,2016-10-20 12:20:30,0,0,"Donald Trump Sent His Own Plane To Transport 200 Stranded Marines http:// fb.me/XSqQHsl8",,
,2016-10-20 10:06:39,0,0,"Donald Trump Sent His Own Plane To Transport 200 Stranded Marines http:// fb.me/QVbs4akI",,
,2016-10-20 09:34:19,1,1,"Kindhearted Donald Trump Sent His Own Plane To Transport 200 Stranded Marines https:// goo.gl/2PwGA7",,
,2016-10-20 06:36:53,0,0,"Donald Trump Sent His Own Plane To Transport 200 Stranded Marines http:// fb.me/1tODL0m0t",,
,2016-10-20 02:09:21,0,0,"Donald Trump Sent His Own Plane To Transport 200 Stranded Marines http:// fb.me/5faCtjnpf",,
,2016-10-19 23:58:44,0,0,"Donald Trump Sent His Own Plane To Transport 200 Stranded Marines http:// fb.me/6y4xv99eh",,
,2016-10-19 22:40:46,0,0,"Donald Trump Sent His Own Plane To Transport 200 Stranded Marines http:// fb.me/4j3hYxGSq",,
,2016-10-19 22:35:43,0,0,"Donald Trump Sent His Own Plane To Transport 200 Stranded Marines http:// fb.me/RgrM9nnS",,
,2016-10-19 22:34:53,0,0,"Donald Trump Sent His Own Plane To Transport 200 Stranded Marines http:// fb.me/8vHTG9eFC",,
,2016-10-19 21:52:53,0,0,"Donald Trump Sent His Own Plane To Transport 200 Stranded Marines http:// fb.me/3cSGw6Jiy",,
,2016-10-19 21:37:09,1,0,"Donald Trump Sent His Own Plane To Transport 200 Stranded Marines  American Military News http:// americanmilitarynews.com/2016/05/donald -trump-sent-his-own-plane-to-transport-200-stranded-marines/?utm_campaign=shareaholic&utm_medium=facebook&utm_source=socialnetwork ",,
,2016-10-19 21:14:58,0,0,"Donald Trump Sent His Own Plane To Transport 200 Stranded Marines http:// fb.me/2XKmkLbRD",,
,2016-10-19 20:07:21,0,0,"Donald Trump Sent His Own Plane To Transport 200 Stranded Marines http:// fb.me/55TfzC9Ai",,
,2016-10-19 19:05:19,0,0,"Donald Trump Sent His Own Plane To Transport 200 Stranded Marines http:// fb.me/1uQ0yCOjJ",,
,2016-10-19 17:04:49,0,0,"Donald Trump Sent His Own Plane To Transport 200 Stranded Marines http:// fb.me/1Dm0ABAUQ",,
,2016-10-19 16:20:56,0,0,"Donald Trump Sent His Own Plane To Transport 200 Stranded Marines http:// fb.me/5PLNEg25w",,
,2016-10-19 16:04:36,1,3,"Donald Trump sends his own plane to transport 200 stranded Marines . https:// goo.gl/2PwGA7 #tcot",#tcot,
,2016-10-19 15:25:57,0,0,"Donald Trump Sent His Own Plane To Transport 200 Stranded Marines http:// fb.me/5hnbTqvzr",,
,2016-10-19 15:14:56,0,0,"Donald Trump Sent His Own Plane To Transport 200 Stranded Marines http:// fb.me/CjXKCMSX",,
,2016-10-19 14:17:29,1,0,"Donald Trump Sent His Own Plane To Transport 200 Stranded Marines http:// fb.me/zpOOOLmJ",,
,2016-10-19 14:07:18,0,0,"Donald Trump Sent His Own Plane To Transport 200 Stranded Marines http:// modo.ly/2em4Fth pic.twitter.com/7ea0NHrvZ9",,
,2016-10-19 13:54:41,0,0,"Donald Trump Sent His Own Plane To Transport 200 Stranded Marines http:// fb.me/8eqMfavQA",,
,2016-10-19 13:23:14,0,0,"Donald Trump Sent His Own Plane To Transport 200 Stranded Marines http:// fb.me/7KNrT0MMU",,
,2016-10-19 11:31:59,0,0,"Donald Trump Sent His Own Plane To Transport 200 Stranded Marines http:// fb.me/34tBlIbfW",,
,2016-10-19 10:31:29,0,0,"Donald Trump Sent His Own Plane To Transport 200 Stranded Marines http:// fb.me/8pVC9fSwc",,
,2016-10-19 09:23:28,0,0,"Donald Trump Sent His Own Plane To Transport 200 Stranded Marines http:// fb.me/65rYYcA8X",,
,2016-10-19 09:21:59,0,0,"Donald Trump Sent His Own Plane To Transport 200 Stranded Marines http:// fb.me/5IJNa9HIE",,
,2016-10-19 08:43:21,0,0,"Donald Trump Sent His Own Plane To Transport 200 Stranded Marines http:// fb.me/1t4G6mcTc",,
,2016-10-19 06:59:05,0,0,"Donald Trump Sent His Own Plane To Transport 200 Stranded Marines http:// fb.me/1s2pGEJgH",,
,2016-10-19 05:09:27,0,1,"Donald #Trump sent his own plane to rescue 200 stranded US Marines . Can't imagine Hillary doing anything like that. http:// americanmilitarynews.com/2016/05/donald -trump-sent-his-own-plane-to-transport-200-stranded-marines/ ",#Trump,
,2016-10-19 02:41:43,0,0,"Donald Trump Sent His Own Plane To Transport 200 Stranded Marines http:// fb.me/46pf5OUhf",,
,2016-10-18 23:49:56,0,0,"Donald Trump Sent His Own Plane To Transport 200 Stranded Marines http:// fb.me/8dTdEQ9gq",,
,2016-10-18 23:18:36,0,0,"Donald Trump Sent His Own Plane To Transport 200 Stranded Marines http:// fb.me/7rpBtSFia",,
,2016-10-18 23:16:50,0,0,"Donald Trump Sent His Own Plane To Transport 200 Stranded Marines http:// fb.me/5EWSrW58r",,
,2016-10-18 21:49:48,0,0,"Donald J. Trump sent his own plane to transport 200 Stranded Marines  While Hillary Clinton left stranded... http:// fb.me/89ZW7od3q",,
,2016-10-18 21:33:29,0,0,"Donald Trump Sent His Own Plane To Transport 200 Stranded Marines http:// fb.me/8lD9zl6wp",,
,2016-10-18 20:13:46,0,0,"Donald Trump Sent His Own Plane To Transport 200 Stranded Marines http:// fb.me/32C4BhNth",,
,2016-10-18 17:54:14,0,0,"Donald Trump Sent His Own Plane To Transport 200 Stranded Marines http:// fb.me/9M11Yot1E",,
,2016-10-18 17:21:17,0,0,"Donald Trump Sent His Own Plane To Transport 200 Stranded Marines http:// fb.me/5UMs4bYlN",,
,2016-10-18 17:14:46,0,0,"Donald Trump Sent His Own Plane To Transport 200 Stranded Marines http:// fb.me/82JQnxJQw",,
,2016-10-18 15:34:25,0,0,"Donald Trump Sent His Own Plane To Transport 200 Stranded Marines http:// fb.me/22hT02U0e",,
,2016-10-18 13:57:01,0,0,"Donald Trump Sent His Own Plane To Transport 200 Stranded Marines http:// fb.me/HukQBHFz",,
,2016-10-18 13:09:32,0,0,"Donald Trump Sent His Own Plane To Transport 200 Stranded Marines http:// fb.me/1skGYzvSU",,
,2016-10-18 09:35:40,0,0,"Donald Trump Sent His Own Plane To Transport 200 Stranded Marines http:// fb.me/1uBLd6IeT",,
,2016-10-18 06:20:55,0,0,"Donald Trump Sent His Own Plane To Transport 200 Stranded Marines http:// fb.me/R3QmShU3",,
,2016-10-18 00:23:09,0,1,"Donald Trump Sent His Own Plane To Transport 200 Stranded Marines http:// fb.me/8gKjOzm2z",,
,2016-10-17 23:40:33,2,1,"Donald Trump Sent His Own Plane To Transport 200 Stranded Marines - https:// goo.gl/2PwGA7",,
,2016-10-17 22:12:57,0,0,"Donald Trump Sent His Own Plane To Transport 200 Stranded Marines http:// fb.me/1tcN9pyRo",,
,2016-10-17 21:19:53,0,0,"Donald Trump Sent His Own Plane To Transport 200 Stranded Marines  American Military News http:// americanmilitarynews.com/2016/05/donald -trump-sent-his-own-plane-to-transport-200-stranded-marines/ ",,
,2016-10-17 20:56:27,3,3,"Donald Trump Sent His Own Plane To Transport 200 Stranded Marines - https:// goo.gl/2PwGA7",,
,2016-10-17 20:51:38,0,0,"Donald Trump Sent His Own Plane To Transport 200 Stranded Marines - https:// goo.gl/2PwGA7",,
,2016-10-17 18:47:13,0,0,"Donald Trump Sent His Own Plane To Transport 200 Stranded Marines http:// fb.me/8j6Hglynf",,
,2016-10-17 18:37:27,0,1,"Donald Trump Sent His Own Plane To Transport 200 Stranded Marines http:// fb.me/4uRDdY1cf",,
,2016-10-17 17:32:31,0,0,"Donald Trump Sent His Own Plane To Transport 200 Stranded Marines  American Military News http:// americanmilitarynews.com/2016/05/donald -trump-sent-his-own-plane-to-transport-200-stranded-marines/ ",,
,2016-10-17 15:52:39,0,0,"Donald Trump Sent His Own Plane To Transport 200 Stranded Marines - https:// goo.gl/2PwGA7",,
,2016-10-17 15:26:05,0,0,"Donald Trump Sent His Own Plane To Transport 200 Stranded Marines http:// fb.me/1rqFHD2uk",,
,2016-10-17 15:18:53,0,0,"Donald Trump Sent His Own Plane To Transport 200 Stranded Marines - https:// goo.gl/2PwGA7",,
,2016-10-17 14:11:30,0,0,"Donald Trump Sent His Own Plane To Transport 200 Stranded Marines http:// fb.me/1wFUYKfuo",,
,2016-10-17 12:56:30,0,0,"Donald Trump Sent His Own Plane To Transport 200 Stranded Marines http:// fb.me/7TQpgeezA",,
,2016-10-17 12:19:31,0,0,"Donald Trump Sent His Own Plane To Transport 200 Stranded Marines http:// fb.me/6yQqZ0X6o",,
,2016-10-17 11:41:44,0,0,"Donald Trump Sent His Own Plane To Transport 200 Stranded Marines http:// fb.me/2FJidmzej",,
,2016-10-17 11:26:52,0,0,"Donald Trump Sent His Own Plane To Transport 200 Stranded Marines http:// fb.me/5sKzMCa9Z",,
,2016-10-17 10:01:31,0,0,"Donald Trump Sent His Own Plane To Transport 200 Stranded Marines http:// fb.me/7KxtiNG0U",,
,2016-10-17 09:10:25,26,21,"Donald Trump Sent His Own Plane To Transport 200 Stranded Marines - https:// goo.gl/2PwGA7 #WakeUpAmerica VOTE #Trump SECURITY BORDERS JOBS",#WakeUpAmerica #Trump,
,2016-10-17 07:44:38,0,1,"Donald Trump Sent His Own Plane To Transport 200 Stranded Marines  American Military News http:// pinterest.com/pin/7121323783 7508434/  http:// fb.me/1FkJ6eGDC",,
,2016-10-17 07:44:34,13,16,"Donald Trump Sent His Own Plane To Transport 200 Stranded Marines http:// fb.me/V69jtHtu",,
,2016-10-17 07:44:23,0,0,"Donald Trump Sent His Own Plane To Transport 200 Stranded Marines  American Military News http:// pinterest.com/pin/7121323783 7508434/ ",,
,2016-10-17 07:40:05,1,2,"Donald Trump Sent His Own Plane To Transport 200 Stranded Marines http:// fb.me/2Z1Bvw6Tt",,
,2016-10-17 07:06:02,0,0,"Donald Trump Sent His Own Plane To Transport 200 Stranded Marines http:// fb.me/4ru6MrObr",,
,2016-10-17 06:35:11,0,0,"Donald Trump Sent His Own Plane To Transport 200 Stranded Marines http:// fb.me/8f3uSggNj",,
,2016-10-17 06:17:05,0,0,"Donald Trump Sent His Own Plane To Transport 200 Stranded Marines http:// fb.me/8otqipTzw",,
,2016-10-17 00:28:34,0,0,"Donald Trump Sent His Own Plane To Transport 200 Stranded Marines http:// fb.me/8pRXvXGDo",,
,2016-10-16 23:57:13,2,2,"Donald Trump Sent His Own Plane To Transport 200 Stranded Marines  American Military News http:// ln.is/americanmilita rynews.com/lvgMw ",,
,2016-10-16 23:11:05,0,0,"Donald Trump Sent His Own Plane To Transport 200 Stranded Marines - https:// goo.gl/2PwGA7",,
,2016-10-16 23:01:03,0,0,"Donald Trump Sent His Own Plane To Transport 200 Stranded Marines - https:// goo.gl/2PwGA7 God Bless",,
,2016-10-16 22:54:40,0,0,"Donald Trump Sent His Own Plane To Transport 200 Stranded Marines http:// fb.me/3iw9pcApa",,
,2016-10-16 22:51:26,0,0,"Umm yeah and who the bad guy dumb sheepDonald Trump Sent His Own Plane To Transport 200 Stranded Marines - https:// goo.gl/2PwGA7",,
,2016-10-16 22:35:00,0,0,"Donald Trump Sent His Own Plane To Transport 200 Stranded Marines http:// fb.me/8czvKrcGR",,
,2016-10-16 21:20:38,2,1,"Donald Trump Sent His Own Plane To Transport 200 Stranded Marines http:// fb.me/5iOJG7oOd",,
,2016-10-16 21:18:40,2,2,"Donald Trump Sent His Own Plane To Transport 200 Stranded Marines - https:// goo.gl/2PwGA7",,
,2016-10-16 21:18:33,0,0,"Donald Trump Sent His Own Plane To Transport 200 Stranded Marines http:// fb.me/8ucMo0VSR",,
,2016-10-16 20:43:53,1,1,"http:// americanmilitarynews.com/2016/05/donald -trump-sent-his-own-plane-to-transport-200-stranded-marines/?utm_campaign=shareaholic&utm_medium=facebook&utm_source=socialnetwork  Trump sent own plane to help stranded marines . #TrumpTrain #MAGA #VetsVoices pic.twitter.com/cnsa5FiTxf",#TrumpTrain #MAGA #VetsVoices,
,2016-10-16 20:41:49,0,0,"Donald Trump Sent His Own Plane To Transport 200 Stranded Marines - https:// goo.gl/2PwGA7",,
,2016-10-16 20:31:37,0,0,"Donald Trump Sent His Own Plane To Transport 200 Stranded Marines http:// lnkplg.co/Y6oAR",,
,2016-10-16 19:27:16,0,0,"Donald Trump Sent His Own Plane To Transport 200 Stranded Marines - https:// goo.gl/2PwGA7",,
,2016-10-16 18:46:57,0,0,"Donald Trump Sent His Own Plane To Transport 200 Stranded Marines http:// fb.me/3c29f4vL4",,
,2016-10-16 18:00:29,0,1,"Donald Trump Sent His Own Plane To Transport 200 Stranded Marines http:// fb.me/UZBnjeFu",,
,2016-10-16 17:30:01,0,0,"Donald Trump Sent His Own Plane To Transport 200 Stranded Marines http:// fb.me/1oxRI3l2u",,
,2016-10-16 17:07:18,0,0,"Donald Trump Sent His Own Plane To Transport 200 Stranded Marines http:// fb.me/4vJntquYk",,
,2016-10-16 16:01:07,0,0,"Donald Trump Sent His Own Plane To Transport 200 Stranded Marines http:// fb.me/N8VwT9FI",,
,2016-10-16 15:53:55,0,1,"1991: Donald Trump Sent His Own Plane To Transport 200 Stranded Marines - https:// goo.gl/2PwGA7",,
,2016-10-16 14:28:36,0,0,"Donald Trump Sent His Own Plane To Transport 200 Stranded Marines - https:// goo.gl/2PwGA7 Love to hear from some of these guys & gals",,
,2016-10-16 14:17:31,0,0,"Donald Trump Sent His Own Plane To Transport 200 Stranded Marines http:// fb.me/OSAYmWY3",,
,2016-10-16 14:00:44,0,0,"Donald Trump Sent His Own Plane To Transport 200 Stranded Marines - https:// goo.gl/2PwGA7",,
,2016-10-16 13:48:02,0,0,"Donald Trump Sent His Own Plane To Transport 200 Stranded Marines http:// fb.me/571cb7XZ0",,
,2016-10-16 13:35:02,13,8,"Donald Trump Sent His Own Plane To Transport 200 Stranded Marines http:// americanmilitarynews.com/2016/05/donald -trump-sent-his-own-plane-to-transport-200-stranded-marines/ ",,
,2016-10-16 13:18:37,0,0,"Donald Trump Sent His Own Plane To Transport 200 Stranded Marines http:// fb.me/5lRtchIs9",,
,2016-10-16 13:00:29,0,0,"Donald Trump Sent His Own Plane To Transport 200 Stranded Marines #Trump #NeverHillary - https:// goo.gl/2PwGA7",#Trump #NeverHillary,
,2016-10-16 12:45:48,0,0,"Donald Trump Sent His Own Plane To Transport 200 Stranded Marines - https:// goo.gl/2PwGA7",,
,2016-10-16 11:34:31,0,0,"Donald Trump Sent His Own Plane To Transport 200 Stranded Marines http:// fb.me/89PEA0hxT",,
,2016-10-16 11:22:30,0,0,"Donald Trump Sent His Own Plane To Transport 200 Stranded Marines http:// lifeeventweb.com/index.php/2016 /10/09/donald-trump-sent-his-own-plane-to-transport-200-stranded-marines/ ",,
,2016-10-16 09:04:07,0,1,"Donald Trump Sent His Own Plane To Transport 200 Stranded Marines - https:// goo.gl/2PwGA7",,
,2016-10-16 08:04:51,1,0,"Donald Trump Sent His Own Plane To Transport 200 Stranded Marines - https:// goo.gl/2PwGA7",,
,2016-10-16 05:08:23,0,1,"Donald Trump Sent His Own Plane To Transport 200 Stranded Marines - https:// goo.gl/2PwGA7",,
,2016-10-16 00:26:58,0,0,"Donald Trump Sent His Own Plane To Transport 200 Stranded Marines http:// fb.me/7Opcp628T",,
,2016-10-16 00:22:51,0,1,"What an awesome story: Trump Sent His Own Plane To Transport 200 Stranded Marines - http:// ln.is/americanmilita rynews.com/noIDu ",,
,2016-10-15 23:27:10,1,2,"Donald Trump Sent His Own Plane To Transport 200 Stranded Marines http:// fb.me/5Ug5gY0qG",,
,2016-10-15 22:39:23,0,0,"Donald Trump Sent His Own Plane To Transport 200 Stranded Marines http:// fb.me/CJZf8PhL",,
,2016-10-15 22:10:36,0,0,"Donald Trump Sent His Own Plane To Transport 200 Stranded Marines http:// fb.me/8cbwEjTj8",,
,2016-10-15 21:48:34,0,0,"Donald Trump Sent His Own Plane To Transport 200 Stranded Marines - https:// goo.gl/2PwGA7",,
,2016-10-15 21:10:48,0,0,"Donald #Trump Sent His Own Plane To Transport 200 Stranded #Marines - https:// goo.gl/2PwGA7 #USMC Devildogs #Military #votetrump",#Trump #Marines #USMC #Military #votetrump,
,2016-10-15 20:48:14,0,1,"Donald Trump Sent His Own Plane To Transport 200 Stranded Marines http:// fb.me/8cfZIsNf5",,
,2016-10-15 19:23:14,0,0,"Donald Trump Sent His Own Plane To Transport 200 Stranded Marines http:// fb.me/2t5UuVayc",,
,2016-10-15 19:03:51,0,0,"Donald Trump Sent His Own Plane To Transport 200 Stranded Marines http:// fb.me/5Fa1taWST",,
,2016-10-15 17:45:49,0,0,"Donald Trump Sent His Own Plane To Transport 200 Stranded Marines http:// fb.me/2qgZ0NAKB",,
,2016-10-15 16:56:51,0,0,"Donald Trump Sent His Own Plane To Transport 200 Stranded Marines http:// fb.me/86tlXeMMd",,
,2016-10-15 16:44:56,0,0,"#TRUMP #TRUE #PATRIOT #CARES #MAGA >> Donald Trump Sent His Own Plane To Transport 200 Stranded Marines - https:// goo.gl/2PwGA7",#TRUMP #TRUE #PATRIOT #CARES #MAGA,
,2016-10-15 14:42:48,0,0,"Donald Trump Sent His Own Plane To Transport 200 Stranded Marines - https:// goo.gl/2PwGA7",,
,2016-10-15 14:23:09,0,0,"Donald Trump Sent His Own Plane To Transport 200 Stranded Marines ... http:// fb.me/5fimgchNR",,
,2016-10-15 14:20:26,0,0,"Donald Trump Sent His Own Plane To Transport 200 Stranded Marines - https:// goo.gl/2PwGA7",,
,2016-10-15 14:17:32,0,0,"Donald Trump Sent His Own Plane To Transport 200 Stranded Marines ... http:// fb.me/4bJ2ru4b3",,
,2016-10-15 14:02:43,0,0,"Donald Trump Sent His Own Plane To Transport 200 Stranded Marines http:// bit.ly/2dEC6FT pic.twitter.com/IztB5d2bkl",,
,2016-10-15 14:02:01,1,0,"Donald Trump Sent His Own Plane To Transport 200 Stranded Marines http:// americanmilitarynews.com/2016/05/donald -trump-sent-his-own-plane-to-transport-200-stranded-marines/  pic.twitter.com/cLeAikw4cc",,
,2016-10-15 13:48:46,0,1,"Donald Trump Sent His Own Plane To Transport 200 Stranded Marines  American Military News http:// americanmilitarynews.com/2016/05/donald -trump-sent-his-own-plane-to-transport-200-stranded-marines/ ",,
,2016-10-15 13:39:58,0,0,"Donald Trump Sent His Own Plane To Transport 200 Stranded Marines - https:// goo.gl/2PwGA7",,
,2016-10-15 12:18:17,0,0,"Donald Trump Sent His Own Plane To Transport 200 Stranded Marines http:// fb.me/OnhkgcIC",,
,2016-10-15 11:43:58,0,0,"Donald Trump Sent His Own Plane To Transport 200 Stranded Marines - https:// goo.gl/2PwGA7 @CNN@NBC @ABC @NPR BET U WON'T REPORT THIS!",,@CNN @NBC @ABC @NPR
,2016-10-15 09:32:57,0,0,"Donald Trump Sent His Own Plane To Transport 200 Stranded Marines http:// fb.me/30J4DE9j5",,
,2016-10-15 08:43:40,0,0,"Donald Trump Sent His Own Plane To Transport 200 Stranded Marines http:// fb.me/50ZaEQGtp",,
,2016-10-15 07:47:43,0,0,"Donald Trump Sent His Own Plane To Transport 200 Stranded Marines http:// fb.me/1rj2WNJvg",,
,2016-10-15 07:37:23,0,0,"Donald Trump Sent His Own Plane To Transport 200 Stranded Marines - https:// goo.gl/2PwGA7",,
,2016-10-15 07:16:22,0,0,"Donald Trump Sent His Own Plane To Transport 200 Stranded Marines http:// fb.me/Vyx5TVMG",,
,2016-10-15 06:18:54,0,0,"Donald Trump Sent His Own Plane To Transport 200 Stranded Marines - http:// ln.is/americanmilita rynews.com/P5CTj ",,
,2016-10-15 06:09:55,0,0,"Donald Trump Sent His Own Plane To Transport 200 Stranded Marines - https:// goo.gl/2PwGA7",,
,2016-10-15 05:48:10,0,0,"Donald Trump Sent His Own Plane To Transport 200 Stranded Marines - http:// ln.is/americanmilita rynews.com/fgiEz ",,
,2016-10-15 05:26:21,0,0,"Donald Trump Sent His Own Plane To Transport 200 Stranded Marines - https:// goo.gl/2PwGA7",,
,2016-10-15 05:26:03,0,0,"Donald Trump Sent His Own Plane To Transport 200 Stranded Marines - https:// goo.gl/2PwGA7",,
,2016-10-15 05:24:16,0,0,"Donald Trump Sent His Own Plane To Transport 200 Stranded Marines http:// fb.me/7MWf30hzr",,
,2016-10-15 05:21:24,0,0,"Donald Trump Sent His Own Plane To Transport 200 Stranded Marines http:// fb.me/1zHOtI8KB",,
,2016-10-15 02:16:13,0,0,"Donald Trump Sent His Own Plane To Transport 200 Stranded Marines http:// fb.me/1C1YfLsuF",,
,2016-10-15 01:54:06,3,2,"Donald Trump Sent His Own Plane To Transport 200 Stranded Marines https:// goo.gl/2PwGA7",,
,2016-10-15 01:01:51,0,0,"Donald Trump Sent His Own Plane To Transport 200 Stranded Marines http:// fb.me/8a3Ydukd5",,
,2016-10-15 00:54:30,0,0,"Donald Trump Sent His Own Plane To Transport 200 Stranded Marines - https:// goo.gl/2PwGA7",,
,2016-10-15 00:45:44,0,0,"Donald Trump Sent His Own Plane To Transport 200 Stranded Marines - https:// goo.gl/2PwGA7",,
,2016-10-15 00:45:38,0,0,"Donald Trump Sent His Own Plane To Transport 200 Stranded Marines - https:// goo.gl/2PwGA7",,
,2016-10-14 23:53:11,0,0,"Donald Trump Sent His Own Plane To Transport 200 Stranded Marines http:// fb.me/54q7MxGT8",,
,2016-10-14 23:13:35,2,3,"Donald Trump Sent His Own Plane To Transport 200 Stranded Marines - https:// goo.gl/2PwGA7",,
,2016-10-14 21:02:29,0,0,"Donald Trump Sent His Own Plane To Transport 200 Stranded Marines http:// fb.me/84QqRQOa8",,
,2016-10-14 20:56:23,0,0,"Donald Trump Sent His Own Plane To Transport 200 Stranded Marines http:// fb.me/8eynDQNUE",,
,2016-10-14 20:38:41,0,0,"Donald Trump Sent His Own Plane To Transport 200 Stranded Marines - https:// goo.gl/2PwGA7",,
,2016-10-14 20:29:52,0,0,"Donald Trump Sent His Own Plane To Transport 200 Stranded Marines http:// fb.me/31gOJ3xAD",,
,2016-10-14 20:13:35,0,0,"Donald Trump Sent His Own Plane To Transport 200 Stranded Marines - https:// goo.gl/2PwGA7",,
,2016-10-14 20:00:24,0,0,"Donald Trump Sent His Own Plane To Transport 200 Stranded Marines http:// fb.me/8jgQapFnu",,
,2016-10-14 19:35:14,0,0,"Donald Trump Sent His Own Plane To Transport 200 Stranded Marines - https:// goo.gl/2PwGA7",,
,2016-10-14 19:25:32,0,0,"Donald Trump Sent His Own Plane To Transport 200 Stranded Marines http:// fb.me/7OxtF93nb",,
,2016-10-14 18:57:36,0,0,"Donald Trump Sent His Own Plane To Transport 200 Stranded Marines http:// fb.me/7sGcdHxyE",,
,2016-10-14 17:59:12,0,0,"Donald Trump Sent His Own Plane To Transport 200 Stranded Marines http:// fb.me/Wfyd88qt",,
,2016-10-14 17:54:51,0,0,"Donald Trump Sent His Own Plane To Transport 200 Stranded Marines http:// fb.me/31CmuPnRW",,
,2016-10-14 17:44:27,0,0,"Donald Trump Sent His Own Plane To Transport 200 Stranded Marines - https:// goo.gl/2PwGA7",,
,2016-10-14 17:36:17,0,0,"Donald Trump Sent His Own Plane To Transport 200 Stranded Marines http:// fb.me/5t2jwbcfK",,
,2016-10-14 17:35:05,0,0,"Donald Trump Sent His Own Plane To Transport 200 Stranded Marines - https:// goo.gl/2PwGA7",,
,2016-10-14 17:11:53,0,0,"Donald Trump Sent His Own Plane To Transport 200 Stranded Marines http:// fb.me/7R6L7QioX",,
,2016-10-14 16:57:49,0,0,"Donald Trump Sent His Own Plane To Transport 200 Stranded Marines - https:// goo.gl/2PwGA7",,
,2016-10-14 16:48:13,0,0,"Donald Trump Sent His Own Plane To Transport 200 Stranded Marines - https:// goo.gl/2PwGA7",,
,2016-10-14 16:47:13,0,0,"Donald Trump Sent His Own Plane To Transport 200 Stranded Marines http:// fb.me/2yOVLuG86",,
,2016-10-14 16:26:31,0,0,"Donald Trump Sent His Own Plane To Transport 200 Stranded Marines http:// fb.me/9gasT2C5j",,
,2016-10-14 16:24:56,0,0,"Donald Trump Sent His Own Plane To Transport 200 Stranded Marines http:// fb.me/4zK6x5R7C",,
,2016-10-14 16:09:32,0,0,"Donald Trump Sent His Own Plane To Transport 200 Stranded Marines http:// fb.me/Vvshv4R3",,
,2016-10-14 16:02:51,0,0,"Donald Trump Sent His Own Plane To Transport 200 Stranded Marines http:// fb.me/7lEZjSPnV",,
,2016-10-14 15:27:47,4,4,"I condemn the bad & I'll praise the good... Donald Trump Sent His Own Plane To Transport 200 Stranded Marines - https:// goo.gl/2PwGA7",,
,2016-10-14 15:17:49,0,0,"Donald Trump Sent His Own Plane To Transport 200 Stranded Marines - http:// ln.is/americanmilita rynews.com/ifwTf ",,
,2016-10-14 15:15:12,0,0,"Donald Trump Sent His Own Plane To Transport 200 Stranded Marines http:// fb.me/5hChUiAP8",,
,2016-10-14 15:12:28,0,0,"Donald Trump Sent His Own Plane To Transport 200 Stranded Marines http:// fb.me/1qxza1mjW",,
,2016-10-14 15:05:38,0,0,"Donald Trump Sent His Own Plane To Transport 200 Stranded Marines - https:// goo.gl/2PwGA7",,
,2016-10-14 14:54:30,0,0,"Donald Trump Sent His Own Plane To Transport 200 Stranded Marines http:// fb.me/1wBSHmQgQ",,
,2016-10-14 14:53:44,36,40,"Donald Trump Sent His Own Plane To Transport 200 Stranded Marines http:// fb.me/PEPl6iTq",,
,2016-10-14 14:50:58,0,0,"Donald Trump Sent His Own Plane To Transport 200 Stranded Marines - https:// goo.gl/2PwGA7",,
,2016-10-14 13:43:49,0,0,"Donald Trump Sent His Own Plane To Transport 200 Stranded Marines http:// fb.me/5o1pWG8l0",,
,2016-10-14 13:31:31,0,0,"Donald Trump Sent His Own Plane To Transport 200 Stranded Marines http:// fb.me/34FbbykAM",,
,2016-10-14 13:18:00,0,1,"Donald Trump Sent His Own Plane To Transport 200 Stranded Marines - https:// goo.gl/2PwGA7",,
,2016-10-14 13:12:29,0,0,"Donald Trump Sent His Own Plane To Transport 200 Stranded Marines - https:// goo.gl/2PwGA7",,
,2016-10-14 12:52:53,0,0,"Donald Trump Sent His Own Plane To Transport 200 Stranded Marines http:// fb.me/5RKE45m1y",,
,2016-10-14 12:18:26,0,0,"Donald Trump Sent His Own Plane To Transport 200 Stranded Marines - https:// goo.gl/2PwGA7",,
,2016-10-14 10:22:01,0,0,"Donald Trump Sent His Own Plane To Transport 200 Stranded Marines http:// fb.me/1Di44MxbT",,
,2016-10-14 09:58:43,0,0,"Donald Trump Sent His Own Plane To Transport 200 Stranded Marines http:// fb.me/58a4GQi3Q",,
,2016-10-14 07:52:48,0,0,"Donald Trump Sent His Own Plane To Transport 200 Stranded Marines - https:// goo.gl/2PwGA7",,
,2016-10-14 05:52:26,0,0,"Donald Trump Sent His Own Plane To Transport 200 Stranded Marines http:// fb.me/8k1KOufSN",,
,2016-10-14 01:01:44,0,0,"Donald Trump Sent His Own Plane To Transport 200 Stranded Marines  American Military News http:// americanmilitarynews.com/2016/05/donald -trump-sent-his-own-plane-to-transport-200-stranded-marines/ ",,
,2016-10-14 00:04:08,0,0,"Donald Trump Sent His Own Plane To Transport 200 Stranded Marines http:// fb.me/TRTiyM8j",,
,2016-10-13 23:54:32,0,0,"Donald Trump Sent His Own Plane To Transport 200 Stranded Marines - https:// goo.gl/2PwGA7",,
,2016-10-13 23:35:07,0,0,"Donald Trump Sent His Own Plane To Transport 200 Stranded Marines - https:// goo.gl/2PwGA7",,
,2016-10-13 23:28:33,0,0,"Donald Trump Sent His Own Plane To Transport 200 Stranded Marines http:// fb.me/7B0IJGBHt",,
,2016-10-13 20:58:29,0,0,"Donald Trump Sent His Own Plane To Transport 200 Stranded Marines ... http:// fb.me/8eqHLtrXG",,
,2016-10-13 20:58:23,0,0,"Donald Trump Sent His Own Plane To Transport 200 Stranded Marines http:// americanmilitarynews.com/2016/05/donald -trump-sent-his-own-plane-to-transport-200-stranded-marines/ ",,
,2016-10-13 20:13:29,0,0,"Donald Trump Sent His Own Plane To Transport 200 Stranded Marines http:// fb.me/4fqUZkTo7",,
,2016-10-13 19:17:01,0,0,"Donald Trump Sent His Own Plane To Transport 200 Stranded Marines http:// fb.me/4raUCoHfP",,
,2016-10-13 16:48:35,0,0,"Donald Trump Sent His Own Plane To Transport 200 Stranded Marines http:// fb.me/54ceIJzzW",,
,2016-10-13 16:44:27,0,0,"Donald Trump Sent His Own Plane To Transport 200 Stranded Marines http:// fb.me/1vv6Zt3Zl",,
,2016-10-13 16:23:37,0,0,"Donald Trump Sent His Own Plane To Transport 200 Stranded Marines http:// fb.me/56ZzA7WpE",,
,2016-10-13 15:07:07,0,0,"Donald Trump Sent His Own Plane To Transport 200 Stranded Marines http:// fb.me/2XoaaZ9wf",,
,2016-10-13 14:44:54,0,0,"Donald Trump Sent His Own Plane To Transport 200 Stranded Marines http:// fb.me/2rMjOx74Z",,
,2016-10-13 13:47:12,0,0,"Donald Trump Sent His Own Plane To Transport 200 Stranded Marines - https:// goo.gl/2PwGA7",,
,2016-10-13 13:22:00,0,0,"Donald Trump Sent His Own Plane To Transport 200 Stranded Marines http:// fb.me/10ncUqLHg",,
,2016-10-13 12:39:01,1,1,"Donald Trump Sent His Own Plane To Transport 200 Stranded Marines http:// fb.me/4prQEG0Bn",,
,2016-10-13 12:22:13,2,1,"Donald Trump Sent His Own Plane To Transport 200 Stranded Marines  American Military News http:// americanmilitarynews.com/2016/05/donald -trump-sent-his-own-plane-to-transport-200-stranded-marines/ ",,
,2016-10-13 12:21:44,1,0,"Donald Trump Sent His Own Plane To Transport 200 Stranded Marines - https:// goo.gl/2PwGA7",,
,2016-10-13 11:19:25,41,28,"Donald Trump Sent His Own Plane To Transport 200 Stranded Marines http:// fb.me/312QYtfHA",,
,2016-10-13 11:00:47,0,0,"Donald Trump Sent His Own Plane To Transport 200 Stranded Marines  American Military News http:// americanmilitarynews.com/2016/05/donald -trump-sent-his-own-plane-to-transport-200-stranded-marines/ ",,
,2016-10-13 10:17:10,0,0,"Donald Trump Sent His Own Plane To Transport 200 Stranded Marines http:// fb.me/1ATOHCjBe",,
,2016-10-13 09:36:29,0,0,"Donald Trump Sent His Own Plane To Transport 200 Stranded Marines  American Military News #MAGA http:// americanmilitarynews.com/2016/05/donald -trump-sent-his-own-plane-to-transport-200-stranded-marines/ ",#MAGA,
,2016-10-13 07:22:06,0,0,"Donald Trump Sent His Own Plane To Transport 200 Stranded Marines http:// fb.me/3vHVsg8QA",,
,2016-10-13 07:11:25,0,0,"Donald Trump Sent His Own Plane To Transport 200 Stranded Marines - https:// goo.gl/2PwGA7",,
,2016-10-13 06:03:16,0,0,"Donald Trump Sent His Own Plane To Transport 200 Stranded Marines http:// fb.me/6wf4DQ3bW",,
,2016-10-13 05:40:56,0,0,"Donald Trump Sent His Own Plane To Transport 200 Stranded Marines http:// fb.me/1sR7xXfCw",,
,2016-10-13 02:52:44,0,0,"Donald Trump Sent His Own Plane To Transport 200 Stranded Marines http:// fb.me/7g6MDH5QV",,
,2016-10-13 02:39:11,0,0,"Donald Trump Sent His Own Plane To Transport 200 Stranded Marines http:// fb.me/5kVi4Wmuz",,
,2016-10-12 23:12:31,0,0,"Donald Trump Sent His Own Plane To Transport 200 Stranded Marines http:// fb.me/1p75wfXV0",,
,2016-10-12 22:46:30,0,0,"Donald Trump Sent His Own Plane To Transport 200 Stranded Marines - https:// goo.gl/2PwGA7",,
,2016-10-12 22:41:29,0,2,"Donald Trump Sent His Own Plane To Transport 200 Stranded Marines http:// fb.me/1srpcHcLy",,
,2016-10-12 20:10:45,0,0,"Donald Trump Sent His Own Plane To Transport 200 Stranded Marines http:// fb.me/T7nuz3LW",,
,2016-10-12 18:23:09,0,0,"Donald Trump Sent His Own Plane To Transport 200 Stranded Marines http:// fb.me/5MDTC0fJr",,
,2016-10-12 18:21:50,0,0,"Donald Trump Sent His Own Plane To Transport 200 Stranded Marines http:// fb.me/2r3u7FXPY",,
,2016-10-12 18:01:31,0,0,"Donald Trump Sent His Own Plane To Transport 200 Stranded Marines http:// fb.me/5AbDrHn30",,
,2016-10-12 16:57:01,0,0,"Donald Trump Sent His Own Plane To Transport 200 Stranded Marines - http:// ln.is/americanmilita rynews.com/5WgaL ",,
,2016-10-12 16:53:50,2,2,"Donald Trump Sent His Own Plane To Transport 200 Stranded Marines - https:// goo.gl/2PwGA7",,
,2016-10-12 16:39:11,0,0,"Donald Trump Sent His Own Plane To Transport 200 Stranded Marines http:// fb.me/85AGzDea6",,
,2016-10-12 15:36:20,0,0,"Donald Trump Sent His Own Plane To Transport 200 Stranded Marines http:// fb.me/4CqX5e3Ja",,
,2016-10-12 14:58:55,0,0,"Donald Trump Sent His Own Plane To Transport 200 Stranded Marines - https:// goo.gl/2PwGA7",,
,2016-10-12 14:32:28,0,0,"Donald Trump Sent His Own Plane To Transport 200 Stranded Marines http:// fb.me/50NM8lVvh",,
,2016-10-12 13:16:33,0,1,"Donald Trump Sent His Own Plane To Transport 200 Stranded Marines http:// fb.me/EJoQnXAH",,
,2016-10-12 11:15:29,0,0,"Donald Trump Sent His Own Plane To Transport 200 Stranded Marines http:// fb.me/5FhnV9skM",,
,2016-10-12 10:22:54,0,0,"Donald Trump Sent His Own Plane To Transport 200 Stranded Marines http:// fb.me/5NuB40kQU",,
,2016-10-12 09:15:52,0,0,"Donald Trump Sent His Own Plane To Transport 200 Stranded Marines http:// fb.me/37BabHDT9",,
,2016-10-12 09:06:32,0,0,"Donald Trump Sent His Own Plane To Transport 200 Stranded Marines http:// fb.me/7MS3KoQcY",,
,2016-10-12 09:04:22,0,2,"Donald Trump Sent His Own Plane To Transport 200 Stranded Marines http:// fb.me/T42g5NhJ",,
,2016-10-12 08:54:30,0,0,"Donald Trump Sent His Own Plane To Transport 200 Stranded Marines http:// fb.me/WzXBorIl",,
,2016-10-12 07:25:23,2,6,"#trumptrain Donald Trump Sent His Own Plane To Transport 200 Stranded Marines - https:// goo.gl/2PwGA7",#trumptrain,
,2016-10-12 02:52:20,0,0,"Donald Trump Sent His Own Plane To Transport 200 Stranded Marines http:// fb.me/62A1Qo9gN",,
,2016-10-12 00:57:51,0,1,"Donald Trump Sent His Own Plane To Transport 200 Stranded Marines http:// fb.me/8hEKpmLED",,
,2016-10-11 22:21:32,0,0,"Donald Trump Sent His Own Plane To Transport 200 Stranded Marines http:// fb.me/3B4kCD1U4",,
,2016-10-11 22:04:12,0,0,"Donald Trump Sent His Own Plane To Transport 200 Stranded Marines http:// fb.me/19pOUypzw",,
,2016-10-11 20:14:05,0,0,"Donald Trump Sent His Own Plane To Transport 200 Stranded Marines http:// fb.me/1Kxs1VIR5",,
,2016-10-11 19:57:24,0,0,"Donald Trump Sent His Own Plane To Transport 200 Stranded Marines http:// fb.me/1mMbBy3xn",,
,2016-10-11 19:47:07,0,0,"Donald Trump Sent His Own Plane To Transport 200 Stranded Marines http:// fb.me/6APvUfRKp",,
,2016-10-11 19:19:28,0,0,"Donald Trump Sent His Own Plane To Transport 200 Stranded Marines - https:// goo.gl/2PwGA7 yet ANOTHER horrible Trump story. #nhgop",#nhgop,
,2016-10-11 19:11:04,0,0,"Donald Trump Sent His Own Plane To Transport 200 Stranded Marines http:// fb.me/5F2WHZMTY",,
,2016-10-11 17:21:06,0,0,"Donald Trump Sent His Own Plane To Transport 200 Stranded Marines http:// fb.me/372bx4225",,
,2016-10-11 16:05:37,0,0,"Donald Trump Sent His Own Plane To Transport 200 Stranded Marines - https:// goo.gl/2PwGA7 #trump #election #military",#trump #election #military,
,2016-10-11 16:00:19,0,0,"Donald Trump Sent His Own Plane To Transport 200 Stranded Marines - https:// goo.gl/2PwGA7",,
,2016-10-11 15:31:56,0,1,"Donald Trump Sent His Own Plane To Transport 200 Stranded Marines http:// fb.me/51EWDcGOw",,
,2016-10-11 15:22:31,0,0,"Donald Trump Sent His Own Plane To Transport 200 Stranded Marines http:// fb.me/QsnDNIGQ",,
,2016-10-11 14:54:28,0,0,"Donald Trump Sent His Own Plane To Transport 200 Stranded Marines https:// lnkd.in/eGd6A88",,
,2016-10-11 13:59:56,0,0,"Donald Trump Sent His Own Plane To Transport 200 Stranded Marines http:// fb.me/GBSxwNYh",,
,2016-10-11 12:07:41,0,0,"Donald Trump Sent His Own Plane To Transport 200 Stranded Marines http:// fb.me/WAUb6iFZ",,
,2016-10-11 12:05:43,0,0,"Donald Trump Sent His Own Plane To Transport 200 Stranded Marines - https:// goo.gl/2PwGA7",,
,2016-10-11 12:02:41,0,0,"Donald Trump Sent His Own Plane To Transport 200 Stranded Marines http:// fb.me/1BjOnz98v",,
,2016-10-11 11:48:01,0,0,"Donald Trump Sent His Own Plane To Transport 200 Stranded Marines http:// fb.me/1vFHSYg6w",,
,2016-10-11 11:36:41,0,0,"Donald Trump Sent His Own Plane To Transport 200 Stranded Marines - https:// goo.gl/2PwGA7",,
,2016-10-11 11:00:38,0,0,"#Donald #Trump Sent His Own #Plane To Transport 200 Stranded #Marines  what did #hillary do? Someone knows? pic.twitter.com/2k0mMwaH9v",#Donald #Trump #Plane #Marines #hillary,
,2016-10-11 10:04:47,0,0,"Donald Trump Sent His Own Plane To Transport 200 Stranded Marines http:// fb.me/42y7VtTi5",,
,2016-10-11 08:44:13,0,0,"Donald Trump Sent His Own Plane To Transport 200 Stranded Marines - https:// goo.gl/2PwGA7",,
,2016-10-11 07:32:20,1,0,"Donald Trump Sent His Own Plane To Transport 200 Stranded Marines - https:// goo.gl/2PwGA7",,
,2016-10-11 04:08:30,0,0,"Donald Trump Sent His Own Plane To Transport 200 Stranded Marines http:// fb.me/1r8ln7Ezy",,
,2016-10-11 03:25:47,0,0,"Donald Trump Sent His Own Plane To Transport 200 Stranded Marines  American Military News http:// americanmilitarynews.com/2016/05/donald -trump-sent-his-own-plane-to-transport-200-stranded-marines/ ",,
,2016-10-11 03:11:31,0,0,"Donald Trump Sent His Own Plane To Transport 200 Stranded Marines http:// fb.me/NAtfp2ZH",,
,2016-10-10 23:18:53,0,0,"Donald Trump Sent His Own Plane To Transport 200 Stranded Marines - https:// goo.gl/2PwGA7",,
,2016-10-10 22:53:55,0,0,"Donald Trump Sent His Own Plane To Transport 200 Stranded Marines http:// fb.me/8dir2f2Jq",,
,2016-10-10 22:06:10,0,0,"Donald Trump Sent His Own Plane To Transport 200 Stranded Marines - https:// goo.gl/2PwGA7",,
,2016-10-10 21:11:50,0,0,"Donald Trump Sent His Own Plane To Transport 200 Stranded Marines http:// fb.me/1Cd4H65Uy",,
,2016-10-10 20:40:55,0,0,"Donald Trump Sent His Own Plane To Transport 200 Stranded Marines - https:// goo.gl/2PwGA7",,
,2016-10-10 20:22:11,0,0,"Donald Trump Sent His Own Plane To Transport 200 Stranded Marines - https:// goo.gl/2PwGA7",,
,2016-10-10 20:02:28,1,0,"Donald Trump Sent His Own Plane To Transport 200 Stranded Marines http:// fb.me/33PPSs7ZI",,
,2016-10-10 18:52:08,0,0,"Donald Trump Sent His Own Plane To Transport 200 Stranded Marines - http:// ln.is/americanmilita rynews.com/OP6vv ",,
,2016-10-10 18:19:56,0,0,"Donald Trump Sent His Own Plane To Transport 200 Stranded Marines http:// fb.me/8jrlg6MHu",,
,2016-10-10 13:27:44,0,0,"Donald Trump Sent His Own Plane To Transport 200 Stranded Marines - https:// goo.gl/2PwGA7",,
,2016-10-10 10:42:12,0,0,"Donald Trump Sent His Own Plane To Transport 200 Stranded Marines - https:// goo.gl/2PwGA7",,
,2016-10-10 09:52:32,0,0,"Donald Trump Sent His Own Plane To Transport 200 Stranded Marines http:// fb.me/3eKkUWqqj",,
,2016-10-10 09:19:25,0,0,"Donald Trump Sent His Own Plane To Transport 200 Stranded Marines - http:// ln.is/americanmilita rynews.com/ck9CL ",,
,2016-10-10 03:32:01,2,2,"Donald Trump Sent His Own Plane To Transport 200 Stranded Marines http:// fb.me/1yQBLtDbT",,
,2016-10-10 01:22:30,0,0,"Donald Trump Sent His Own Plane To Transport 200 Stranded Marines http:// fb.me/1zKURN33X",,
,2016-10-09 23:10:19,0,0,"Donald Trump Sent His Own Plane To Transport 200 Stranded Marines http:// fb.me/3EEamGC1f",,
,2016-10-09 21:48:26,0,0,"Donald Trump Sent His Own Plane To Transport 200 Stranded Marines http:// fb.me/5fgPtGtmT",,
,2016-10-09 21:31:31,0,0,"Donald Trump Sent His Own Plane To Transport 200 Stranded Marines http:// fb.me/7WvjzE8Ll",,
,2016-10-09 21:18:59,0,0,"Donald Trump Sent His Own Plane To Transport 200 Stranded Marines http:// fb.me/86A8qoIBR",,
,2016-10-09 20:45:13,0,0,"Donald Trump Sent His Own Plane To Transport 200 Stranded Marines http:// fb.me/1qRqPMncK",,
,2016-10-09 20:17:48,0,0,"Donald Trump Sent His Own Plane To Transport 200 Stranded Marines http:// fb.me/NL6YRp7y",,
,2016-10-09 20:14:41,1,0,"Donald Trump Sent His Own Plane To Transport 200 Stranded Marines - http:// ln.is/americanmilita rynews.com/A6D75 ",,
,2016-10-09 20:06:44,0,0,"Donald Trump Sent His Own Plane To Transport 200 Stranded Marines http:// fb.me/5ueTKI1o2",,
,2016-10-09 18:13:28,0,0,"Donald Trump Sent His Own Plane To Transport 200 Stranded Marines  American Military News http:// ln.is/americanmilita rynews.com/f4SQx ",,
,2016-10-09 17:57:20,0,0,"Donald Trump Sent His Own Plane To Transport 200 Stranded Marines http:// fb.me/6HdCwrIYu",,
,2016-10-09 17:17:24,0,1,"Donald Trump Sent His Own Plane To Transport 200 Stranded Marines http:// fb.me/aDMsDEmaM",,
,2016-10-09 15:09:24,0,0,"Donald Trump Sent His Own Plane To Transport 200 Stranded Marines http:// fb.me/8ytVicWrZ",,
,2016-10-09 14:20:10,0,1,"Donald Trump Sent His Own Plane To Transport 200 Stranded Marines - https:// goo.gl/2PwGA7",,
,2016-10-09 13:09:34,0,0,"Donald Trump Sent His Own Plane To Transport 200 Stranded Marines http:// fb.me/1pIRp2sfG",,
,2016-10-09 12:06:54,0,0,"Donald Trump Sent His Own Plane To Transport 200 Stranded Marines http:// fb.me/5eNRbvogM",,
,2016-10-09 10:30:51,0,1,"Donald Trump Sent His Own Plane To Transport 200 Stranded Marines http:// fb.me/Koj6LP1p",,
,2016-10-09 10:30:23,0,0,"Donald Trump Sent His Own Plane To Transport 200 Stranded Marines http:// fb.me/7feOIHZl6",,
,2016-10-09 06:09:50,0,0,"Donald Trump Sent His Own Plane To Transport 200 Stranded Marines http:// fb.me/7i1j6Vuk3",,
,2016-10-09 03:06:54,0,0,"Donald Trump Sent His Own Plane To Transport 200 Stranded Marines http:// fb.me/4WwAQD468",,
,2016-10-08 22:01:15,0,0,"Donald Trump Sent His Own Plane To Transport 200 Stranded Marines http:// fb.me/1zC0OjR9g",,
,2016-10-08 21:30:52,0,0,"Donald Trump Sent His Own Plane To Transport 200 Stranded Marines - https:// goo.gl/2PwGA7",,
,2016-10-08 20:27:18,0,0,"Donald Trump Sent His Own Plane To Transport 200 Stranded Marines - https:// goo.gl/2PwGA7",,
,2016-10-08 20:24:23,0,0,"Donald Trump Sent His Own Plane To Transport 200 Stranded Marines http:// fb.me/5uNhCFJ3I",,
,2016-10-08 20:18:39,0,0,"Donald Trump Sent His Own Plane To Transport 200 Stranded Marines http:// fb.me/8raKAW7gk",,
,2016-10-08 19:55:39,0,0,"Donald Trump Sent His Own Plane To Transport 200 Stranded Marines http:// fb.me/5jynGPqUc",,
,2016-10-08 19:53:59,6,5,"Donald Trump Sent His Own Plane To Transport 200 Stranded Marines http:// fb.me/2lBU1Xs6o",,
,2016-10-08 19:48:54,0,1,"Donald Trump Sent His Own Plane To Transport 200 Stranded Marines - https:// goo.gl/2PwGA7",,
,2016-10-08 19:22:50,0,0,"Donald Trump Sent His Own Plane To Transport 200 Stranded Marines - https:// goo.gl/2PwGA7",,
,2016-10-08 19:00:37,0,0,"Donald Trump Sent His Own Plane To Transport 200 Stranded Marines http:// fb.me/8j2pHXzwo",,
,2016-10-08 17:09:43,1,0,"Donald Trump Sent His Own Plane To Transport 200 Stranded Marines - https:// goo.gl/2PwGA7",,
,2016-10-08 16:45:59,0,0,"Donald Trump Sent His Own Plane To Transport 200 Stranded Marines http:// fb.me/58nGwWNyZ",,
,2016-10-08 16:39:40,0,0,"Donald Trump Sent His Own Plane To Transport 200 Stranded Marines http:// fb.me/37ucWAr7g",,
,2016-10-08 15:36:17,0,0,"Donald Trump Sent His Own Plane To Transport 200 Stranded Marines - http:// ln.is/americanmilita rynews.com/YjvMk ",,
,2016-10-08 15:35:51,0,0,"Donald Trump Sent His Own Plane To Transport 200 Stranded Marines http:// fb.me/8jrz3x4iM",,
,2016-10-08 14:45:27,0,1,"Donald Trump Sent His Own Plane To Transport 200 Stranded Marines http:// fb.me/1bXtyIzoO",,
,2016-10-08 11:19:08,0,0,"Donald Trump Sent His Own Plane To Transport 200 Stranded Marines http:// fb.me/4ZdTH8OYQ",,
,2016-10-08 09:49:57,0,0,"Donald Trump Sent His Own Plane To Transport 200 Stranded Marines http:// fb.me/61B61Ucf2",,
,2016-10-08 08:44:02,0,0,"Donald Trump Sent His Own Plane To Transport 200 Stranded Marines - https:// goo.gl/2PwGA7",,
,2016-10-08 08:37:52,0,0,"Donald Trump Sent His Own Plane To Transport 200 Stranded Marines - https:// goo.gl/2PwGA7",,
,2016-10-08 08:37:46,0,0,"Donald Trump Sent His Own Plane To Transport 200 Stranded Marines http:// fb.me/1CO7Umuh6",,
,2016-10-08 08:36:10,0,0,"Donald Trump Sent His Own Plane To Transport 200 Stranded Marines http:// fb.me/KoPC9EcO",,
,2016-10-08 08:14:03,0,0,"Donald Trump Sent His Own Plane To Transport 200 Stranded Marines http:// fb.me/88WwluUn4",,
,2016-10-08 07:28:00,0,0,"Donald Trump Sent His Own Plane To Transport 200 Stranded Marines http:// fb.me/5ArdfrBoE",,
,2016-10-08 07:25:28,0,0,"Donald Trump Sent His Own Plane To Transport 200 Stranded Marines http:// fb.me/8aUfBaiKc",,
,2016-10-08 04:55:50,0,0,"Donald Trump Sent His Own Plane To Transport 200 Stranded Marines http:// fb.me/2KbYOiKWQ",,
,2016-10-08 03:18:29,0,0,"Donald Trump Sent His Own Plane To Transport 200 Stranded Marines  American Military News http:// americanmilitarynews.com/2016/05/donald -trump-sent-his-own-plane-to-transport-200-stranded-marines/ ",,
,2016-10-08 02:39:13,21,17,"Older story but worth reading. Trump sends his own plane to pickup stranded Marines .... http:// fb.me/5COpmJ6ty",,
,2016-10-08 02:31:52,1,1,"Donald Trump Sent His Own Plane To Transport 200 Stranded Marines - https:// goo.gl/2PwGA7",,
,2016-10-08 01:48:45,1,1,"Donald Trump Sent His Own Plane To Transport 200 Stranded Marines  American Military News http:// americanmilitarynews.com/2016/05/donald -trump-sent-his-own-plane-to-transport-200-stranded-marines/ ",,
,2016-10-08 00:06:32,0,0,"Donald Trump Sent His Own Plane To Transport 200 Stranded Marines http:// fb.me/8qt5Lr8SK",,
,2016-10-07 23:51:20,0,0,"Donald Trump Sent His Own Plane To Transport 200 Stranded Marines http:// fb.me/5MehLRT1d",,
,2016-10-07 21:59:09,0,0,"Donald Trump Sent His Own Plane To Transport 200 Stranded Marines http:// fb.me/7nDTCRyOM",,
,2016-10-07 21:54:49,0,0,"Donald Trump Sent His Own Plane To Transport 200 Stranded Marines http:// fb.me/6K3zJVNka",,
,2016-10-07 21:52:24,0,0,"Donald Trump Sent His Own Plane To Transport 200 Stranded Marines http:// fb.me/wvYPDwb2",,
,2016-10-07 21:22:41,1,1,"Donald Trump Sent His Own Plane To Transport 200 Stranded Marines http:// fb.me/stm90g8j",,
,2016-10-07 21:11:32,0,0,"Donald Trump Sent His Own Plane To Transport 200 Stranded Marines  American Military News http:// americanmilitarynews.com/2016/05/donald -trump-sent-his-own-plane-to-transport-200-stranded-marines/ ",,
,2016-10-07 21:02:31,3,3,"God Bless America Vote @realDonaldTrump POTUS Donald Trump Sent His Own Plane To Transport 200 Stranded Marines - https:// goo.gl/2PwGA7",,@realDonaldTrump
,2016-10-07 20:37:20,1,1,"http:// americanmilitarynews.com/2016/05/donald -trump-sent-his-own-plane-to-transport-200-stranded-marines/  "donald- trump -sent-his- own - plane -to-transport-200-stranded- marines "",,
,2016-10-07 20:00:36,0,0,"Donald Trump Sent His Own Plane To Transport 200 Stranded Marines http:// fb.me/ZpTwlpe8",,
,2016-10-07 16:35:00,0,0,"Donald Trump Sent His Own Plane To Transport 200 Stranded Marines http:// fb.me/63M3ixzIv",,
,2016-10-07 16:15:17,0,0,"#MAGA #Trump Donald Trump Sent His Own Plane To Transport 200 Stranded Marines - https:// goo.gl/2PwGA7",#MAGA #Trump,
,2016-10-07 15:55:30,0,0,"Donald Trump Sent His Own Plane To Transport 200 Stranded Marines http:// fb.me/7DJp3rfdb",,
,2016-10-07 15:20:08,0,0,"Donald Trump Sent His Own Plane To Transport 200 Stranded Marines http:// fb.me/1nhQBoyCy",,
,2016-10-07 15:12:39,0,0,"Donald Trump Sent His Own Plane To Transport 200 Stranded Marines - https:// goo.gl/2PwGA7",,
,2016-10-07 14:59:40,19,13,"Donald #Trump Sent His Own Plane To Transport 200 Stranded #Marines - https:// goo.gl/2PwGA7",#Trump #Marines,
,2016-10-07 14:00:04,0,0,"Donald Trump Sent His Own Plane To Transport 200 Stranded Marines http:// fb.me/7Dj15VDCr",,
,2016-10-07 13:53:01,0,0,"Donald Trump Sent His Own Plane To Transport 200 Stranded Marines http:// fb.me/TTLgT04G",,
,2016-10-07 13:19:48,0,0,"Donald Trump Sent His Own Plane To Transport 200 Stranded Marines http:// fb.me/5cEjcTJOp",,
,2016-10-07 13:09:50,0,1,"Donald Trump Sent His Own Plane To Transport 200 Stranded Marines - https:// goo.gl/2PwGA7",,
,2016-10-07 12:49:46,0,1,"Donald Trump Sent His Own Plane To Transport 200 Stranded Marines http:// fb.me/2WEGO79nR",,
,2016-10-07 12:17:37,0,0,"Donald Trump Sent His Own Plane To Transport 200 Stranded Marines http:// fb.me/34kOKGRNh",,
,2016-10-07 11:30:22,0,0,"Donald Trump Sent His Own Plane To Transport 200 Stranded Marines http:// fb.me/6ENy5SjnR",,
,2016-10-07 11:15:49,6,5,"Donald Trump Sent His Own Plane To Transport 200 Stranded Marines - https:// goo.gl/2PwGA7",,
,2016-10-07 10:56:01,1,1,"Donald Trump Sent His Own Plane To Transport 200 Stranded Marines - https:// goo.gl/2PwGA7",,
,2016-10-07 10:50:49,12,14,"Trump Sent His Own Plane To Transport 200 Stranded Marines http:// americanmilitarynews.com/2016/05/donald -trump-sent-his-own-plane-to-transport-200-stranded-marines/  #USMC",#USMC,
,2016-10-07 09:57:16,0,0,"Donald #Trump Sent His Own Plane To Transport 200 Stranded Marines - https:// goo.gl/2PwGA7 #sot #TrumpTrain #NeverHillary #tcot #ccot",#Trump #sot #TrumpTrain #NeverHillary #tcot #ccot,
,2016-10-07 08:59:42,0,0,"Donald Trump Sent His Own Plane To Transport 200 Stranded Marines - https:// goo.gl/2PwGA7#good deal",#good,
,2016-10-07 08:22:18,0,0,"Donald Trump Sent His Own Plane To Transport 200 Stranded Marines http:// fb.me/3tMVzCacu",,
,2016-10-07 07:47:54,0,0,"Donald Trump Sent His Own Plane To Transport 200 Stranded Marines http:// fb.me/85yFBqQ9U",,
,2016-10-07 07:10:31,0,0,"Donald Trump Sent His Own Plane To Transport 200 Stranded Marines - https:// goo.gl/2PwGA7 HILLARY WAS PROBABLY NAPPING!",,
,2016-10-07 01:33:20,0,0,"Donald Trump Sent His Own Plane To Transport 200 Stranded Marines - http:// ln.is/americanmilita rynews.com/QRRuL ",,
,2016-10-07 00:27:00,0,0,"Donald Trump Sent His Own Plane To Transport 200 Stranded Marines http:// fb.me/5vs2h9Stx",,
,2016-10-06 18:42:51,0,0,"Donald Trump Sent His Own Plane To Transport 200 Stranded Marines http:// fb.me/8PIJD7w4n",,
,2016-10-01 20:43:20,0,0,"#Vets4Trump Donald Trump Sent His Own Plane To Transport 200 Stranded Marines - https:// goo.gl/2PwGA7",#Vets4Trump,
,2016-09-24 22:06:41,1,1,"Donald Trump Sent His Own Plane To Transport 200 Stranded Marines http:// fb.me/7rXWRLO5y",,
,2016-09-21 17:35:36,1,1,"Donald Trump Sent His Own Plane To Transport 200 Stranded Marines http:// fb.me/5A2Kc59Lc",,
,2016-09-19 23:52:29,0,0,"Donald Trump Sent His Own Plane To Transport 200 Stranded Marines - https:// goo.gl/2PwGA7",,
,2016-09-15 22:39:01,0,0,"Donald Trump Sent His Own Plane To Transport 200 Stranded Marines - https:// goo.gl/2PwGA7",,
,2016-09-15 16:59:45,4,5,"@hectormorenco Donald Trump sends his own plane to help 200 Marines get back to their homebase why don't we hear about that",,@hectormorenco
,2016-09-14 01:17:59,9,8,"Donald Trump Sent His Own Plane To Transport 200 Stranded Marines - https:// goo.gl/2PwGA7",,
,2016-09-10 21:40:31,0,0,"Donald Trump Sent His Own Plane To Transport 200 Stranded Marines http:// fb.me/4OqcwqUYZ",,
,2016-09-10 10:46:59,0,0,"Donald Trump Sent His Own Plane To Transport 200 Stranded Marines http:// fb.me/5Iqiz3UAa",,
,2016-09-09 23:27:30,0,0,"Donald Trump Sent His Own Plane To Transport 200 Stranded Marines - http:// goo.gl/2PwGA7",,
,2016-09-09 11:48:46,3,2,"How about an ad showing how patriotic Trump is. Maybe tell the story of him sending his own personal plane 2 get the Marines",,
,2016-09-09 03:24:07,0,0,"Donald Trump Sent His Own Plane To Transport 200 Stranded Marines - http:// goo.gl/2PwGA7",,
,2016-09-03 21:56:56,0,0,"Donald Trump Sent His Own Plane To Transport 200 Stranded Marines http:// fb.me/2j4nVGS2S",,
,2016-09-03 09:25:50,0,0,"Donald Trump Sent His Own Plane To Transport 200 Stranded Marines http:// fb.me/84AfutU0q",,
,2016-09-02 22:17:43,0,0,"Donald Trump Sent His Own Plane To Transport 200 Stranded Marines - http:// goo.gl/2PwGA7",,
,2016-09-02 20:08:06,0,0,"Donald Trump Sent His Own Plane To Transport 200 Stranded Marines - http:// goo.gl/2PwGA7",,
,2016-09-02 19:54:05,0,0,"Donald Trump Sent His Own Plane To Transport 200 Stranded Marines - http:// goo.gl/2PwGA7 -well Before the campaign",,
,2016-09-01 07:49:03,0,0,"Donald Trump Sent His Own Plane To Transport 200 Stranded Marines - http:// goo.gl/2PwGA7",,
,2016-09-01 04:59:40,0,0,"Donald Trump Sent His Own Plane To Transport 200 Stranded Marines http:// fb.me/5G4Jp7295",,
,2016-08-31 06:08:00,0,0,"Donald Trump Sent His Own Plane To Transport 200 Stranded Marines http:// fb.me/Pq5Ud8YS",,
,2016-08-30 21:49:34,0,0,"@seanhannity Donald Trump Sent His Own Plane To Transport 200 Stranded Marines  American Military News http:// americanmilitarynews.com/2016/05/donald -trump-sent-his-own-plane-to-transport-200-stranded-marines/ ",,@seanhannity
,2016-08-30 20:56:13,0,0,"Donald Trump Sent His Own Plane To Transport 200 Stranded Marines http:// fb.me/517RQEhDI",,
,2016-08-30 14:38:02,0,0,"Donald Trump Sent His Own Plane To Transport 200 Stranded Marines - http:// goo.gl/2PwGA7",,
,2016-08-29 19:45:36,0,0,"Donald Trump Sent His Own Plane To Transport 200 Stranded Marines - http:// goo.gl/2PwGA7",,
,2016-08-29 19:14:05,0,0,"Donald Trump Sent His Own Plane To Transport 200 Stranded Marines http:// fb.me/3g16l51Xu",,
,2016-08-29 14:31:46,0,0,"Donald Trump Sent His Own Plane To Transport 200 Stranded Marines http:// fb.me/88BiUYFxw",,
,2016-08-29 10:03:24,0,0,"Donald Trump Sent His Own Plane To Transport 200 Stranded Marines - http:// ln.is/americanmilita rynews.com/ytZAT ",,
,2016-08-29 06:06:54,0,0,"Donald Trump Sent His Own Plane To Transport 200 Stranded Marines http:// fb.me/O6ETqMHv",,
,2016-08-29 01:00:30,0,0,"Donald Trump Sent His Own Plane To Transport 200 Stranded Marines - http:// goo.gl/2PwGA7",,
,2016-08-28 08:12:18,0,0,"5/20 Trump Sent His Own Plane To Transport 200 Stranded Marines back in 91 http:// americanmilitarynews.com/2016/05/donald -trump-sent-his-own-plane-to-transport-200-stranded-marines/  pic.twitter.com/vbFCOrUx5d",,
,2016-08-26 23:14:26,1,1,"Donald Trump Sent His Own Plane To Transport 200 Stranded Marines http:// fb.me/1kqy2RDm8",,
,2016-08-25 22:38:41,0,0,"Donald Trump Sent His Own Plane To Transport 200 Stranded Marines http:// fb.me/2TSkOM1bM",,
,2016-08-22 09:50:39,0,1,"Donald Trump Sent His Own Plane To Transport 200 Stranded Marines - http:// goo.gl/2PwGA7",,
,2016-08-20 19:09:23,0,0,"Donald Trump Sent His Own Plane To Transport 200 Stranded Marines http:// fb.me/5xxzY0CBG",,
,2016-08-19 22:34:03,0,0,"Donald Trump Sent His Own Plane To Transport 200 Stranded Marines - http:// goo.gl/2PwGA7",,
,2016-08-19 21:59:04,0,0,"Donald Trump Sent His Own Plane To Transport 200 Stranded Marines http:// fb.me/1kAYwhTLb",,
,2016-08-18 15:32:30,0,0,"Donald Trump Sent His Own Plane To Transport 200 Stranded Marines http:// fb.me/1wdXeQ3wI",,
,2016-08-18 12:28:24,0,0,"Donald Trump Sent His Own Plane To Transport 200 Stranded Marines http:// fb.me/7fxFhecEz",,
,2016-08-15 01:23:53,2,3,"What about the time Trump sent his own plane 2 Camp Lejeune to fly stranded Marines to Florida? Media never reported https:// twitter.com/bikers4trump/s tatus/765005774183604224 ",,
,2016-08-12 00:12:14,0,0,"@seanhannity Hey Lumpy any truth to the fact checkers claiming u LIED about Trump helping marines with his own plane ? #liar #Trump #FoxNews",#liar #Trump #FoxNews,@seanhannity
,2016-08-11 23:24:10,0,0,"Donald Trump Sent His Own Plane To Transport 200 Stranded Marines - http:// goo.gl/2PwGA7 More lies from Trump 's Tramps",,
,2016-08-11 22:18:17,0,0,"Donald Trump Sent His Own Plane To Transport 200 Stranded Marines - http:// goo.gl/2PwGA7",,
,2016-08-11 17:58:39,0,0,"Donald Trump Sent His Own Plane To Transport 200 Stranded Marines http:// fb.me/3026Spju8",,
,2016-08-11 09:33:04,0,0,"Donald Trump Sent His Own Plane To Transport 200 Stranded Marines - http:// goo.gl/2PwGA7",,
,2016-08-11 08:13:23,12,12,"Trump 's heart-warming story of sending his own plane to pick up stranded marines is baloney (surprise!) https://www. washingtonpost.com/news/fact-chec ker/wp/2016/08/11/too-good-to-check-sean-hannitys-tale-of-a-trump-rescue/?tid=sm_tw ",,
,2016-08-05 23:08:22,0,0,"Donald Trump Sent His Own Plane To Transport 200 Stranded Marines - http:// goo.gl/2PwGA7",,
,2016-08-05 19:21:58,0,0,"Trump sent is own plane to transport 200 stranded marines . http:// ln.is/americanmilita rynews.com/jileb  #trumppence2016",#trumppence2016,
,2016-08-04 18:39:45,8,4,"Donald #Trump Sent His Own Plane To Transport 200 Stranded Marines - http:// goo.gl/2PwGA7",#Trump,
,2016-08-03 19:32:55,0,0,"Donald Trump Sent His Own Plane To Transport 200 Stranded Marines - http:// ln.is/americanmilita rynews.com/jTFXv ",,
,2016-08-03 16:54:12,3,1,"Donald Trump Sent His Own Plane To Transport 200 Stranded Marines http:// fb.me/2pHOr8Knj",,
,2016-08-03 15:09:24,2,2,"Donald Trump Sent His Own Plane To Transport 200 Stranded Marines http:// fb.me/8FOUl7reH",,
,2016-08-03 09:55:26,5,1,"Donald Trump Sent His Own Plane To Transport 200 Stranded Marines - http:// goo.gl/2PwGA7 #MAGA #tcot",#MAGA #tcot,
,2016-08-02 23:39:54,16,11,"Donald Trump Sent His Own Plane To Transport 200 Stranded Marines - http:// goo.gl/2PwGA7",,
,2016-08-02 18:53:05,0,0,"Donald Trump Sent His Own Plane To Transport 200 Stranded Marines - http:// goo.gl/2PwGA7",,
,2016-08-01 20:56:12,0,0,"Guess that's why Trump has employed more women sent his own plane for Marines and opened a formerly racial club to blacks. Right?",,
,2016-08-01 19:30:53,1,2,"Donald Trump Sent His Own Plane To Transport 200 Stranded Marines - http:// goo.gl/2PwGA7",,
,2016-08-01 01:52:06,2,0,"Donald Trump Sent His Own Plane To Transport 200 Stranded Marines http:// fb.me/4ACeo9zRM",,
,2016-07-31 21:37:55,0,0,"Donald Trump Sent His Own Plane To Transport 200 Stranded Marines http:// fb.me/5BVpL5cIq",,
,2016-07-31 11:53:46,0,0,"Trump used his own money own plane to bring our Marines home. Hillary leaves soldiers to die. #confused #Napping pic.twitter.com/pNpARpaH7u",#confused #Napping,
,2016-07-31 10:25:49,2,1,"#Trump did not send a plane in to rescue 200 stranded #marines . He didn't even own the airline at the time. http://www. snopes.com/trump-tower-ai r/ ",#Trump #marines,
,2016-07-31 10:18:41,0,0,"Donald Trump Sent His Own Plane To Transport 200 Stranded Marines http:// fb.me/1rZ2bDYk1",,
,2016-07-31 05:04:12,0,0,"Donald Trump Sent His Own Plane To Transport 200 Stranded Marines - http:// goo.gl/2PwGA7 thanks DONALD TRUMP caring about American heros!",,
,2016-07-31 04:40:20,0,0,"Donald Trump Sent His Own Plane To Transport 200 Stranded Marines http:// fb.me/86Z37ZnEq",,
,2016-07-29 20:33:19,5,2,"Donald Trump Sent His Own Plane To Transport 200 Stranded Marines - http:// goo.gl/2PwGA7",,
,2016-07-29 16:51:51,2,2,"Donald Trump Sent His Own Plane To Transport 200 Stranded Marines - http:// goo.gl/2PwGA7",,
,2016-07-28 22:19:07,0,0,"Donald Trump Sent His Own Plane To Transport 200 Stranded Marines http:// fb.me/2siSJRthG",,
,2016-07-28 21:27:21,4,1,"Donald Trump Sent His Own Plane To Transport 200 Stranded Marines http:// fb.me/7fZm5VVwk",,
,2016-07-28 08:52:23,1,1,"Donald Trump Sent His Own Plane To Transport 200 Stranded Marines http:// fb.me/4zqJtpI7j",,
,2016-07-28 07:37:33,0,0,"Donald Trump Sent His Own Plane To Transport 200 Stranded Marines http:// fb.me/4f7Rxz8Fn",,
,2016-07-27 23:37:55,0,0,"Donald Trump Sent His Own Plane To Transport 200 Stranded Marines http:// fb.me/1gZfldIwU",,
,2016-07-27 07:48:11,0,0,"Donald Trump Sent His Own Plane To Transport 200 Stranded Marines http:// fb.me/18JBrTxIW",,
,2016-07-27 05:09:59,0,0,"Donald Trump Sent His Own Plane To Transport 200 Stranded Marines http:// fb.me/H559BSsf",,
,2016-07-26 19:16:04,0,0,"Donald Trump Sent His Own Plane To Transport 200 Stranded Marines http:// fb.me/1nPod2EfF",,
,2016-07-26 17:55:18,5,4,"Donald Trump Sent His Own Plane To Transport 200 Stranded Marines http:// fb.me/7qdLchb49",,
,2016-07-26 17:36:33,3,2,"Donald Trump Sent His Own Plane To Transport 200 Stranded Marines - http:// goo.gl/2PwGA7",,
,2016-07-26 17:04:28,3,5,"Donald Trump Sent His Own Plane To Transport 200 Stranded Marines - http:// goo.gl/2PwGA7",,
,2016-07-25 22:04:22,0,0,"Donald Trump Sent His Own Plane To Transport 200 Stranded Marines http:// fb.me/4ROoh25I9",,
,2016-07-25 19:49:28,0,0,"Donald Trump Sent His Own Plane To Transport 200 Stranded Marines http:// fb.me/5GoRFjFLO",,
,2016-07-25 17:24:32,21,14,"Donald Trump Sent His Own Plane To Transport 200 Stranded Marines - http:// goo.gl/2PwGA7",,
,2016-07-25 14:11:14,0,0,"Donald Trump Sent His Own Plane To Transport 200 Stranded Marines - http:// goo.gl/2PwGA7",,
,2016-07-25 07:26:27,0,0,"#Trump says I will bring America back It's true Donald Trump Sent His Own Plane To Transport 200 Stranded Marines - http:// goo.gl/2PwGA7",#Trump,
,2016-07-25 03:09:59,0,0,"Donald Trump Sent His Own Plane To Transport 200 Stranded Marines - http:// goo.gl/2PwGA7",,
,2016-07-24 14:57:19,6,6,"Donald Trump Sent His Own Plane To Transport 200 Stranded Marines - http:// goo.gl/2PwGA7",,
,2016-07-24 14:50:17,0,0,"Donald Trump Sent His Own Plane To Transport 200 Stranded Marines - http:// goo.gl/2PwGA7",,
,2016-07-24 12:54:53,0,0,"@ChasFlemming Donald Trump Sent His Own Plane To Transport 200 Stranded Marines - http:// goo.gl/2PwGA7",,@ChasFlemming
,2016-07-24 10:59:06,0,0,"Donald Trump Sent His Own Plane To Transport 200 Stranded Marines http:// fb.me/5j1qAHSkD",,
,2016-07-24 10:04:33,0,0,"Donald Trump Sent His Own Plane To Transport 200 Stranded Marines - http:// goo.gl/2PwGA7",,
,2016-07-24 01:50:18,0,0,"Donald Trump Sent His Own Plane To Transport 200 Stranded Marines http:// fb.me/88tU8CKia",,
,2016-07-24 01:12:51,0,0,"Donald Trump Sent His Own Plane To Transport 200 Stranded Marines http:// fb.me/2U7nLtGW2",,
,2016-07-23 23:48:11,0,0,"Donald Trump Sent His Own Plane To Transport 200 Stranded Marines - http:// goo.gl/2PwGA7 1991",,
,2016-07-23 21:35:22,0,0,"Donald Trump Sent His Own Plane To Transport 200 Stranded Marines http:// fb.me/2iwI4RBs8",,
,2016-07-23 16:22:02,0,0,"Donald Trump Sent His Own Plane To Transport 200 Stranded Marines http:// fb.me/7Vqt28thY",,
,2016-07-23 15:57:18,108,119,"Donald Trump Sent His Own Plane To Transport 200 Stranded Marines http:// fb.me/4OFhBMK4P",,
,2016-07-23 15:21:50,0,0,"Donald Trump Sent His Own Plane To Transport 200 Stranded Marines http:// fb.me/KucJFxK4",,
,2016-07-23 15:15:32,0,0,"Donald Trump Sent His Own Plane To Transport 200 Stranded Marines - http:// goo.gl/2PwGA7",,
,2016-07-23 14:34:33,0,0,"- Trump helped Marines get back home with his own plane in 1991 !",,
,2016-07-23 13:08:33,0,0,"Donald Trump Sent His Own Plane To Transport 200 Stranded Marines  American Military News http:// americanmilitarynews.com/2016/05/donald -trump-sent-his-own-plane-to-transport-200-stranded-marines/ ",,
,2016-07-23 12:59:09,0,0,"Donald Trump Sent His Own Plane To Transport 200 Stranded Marines http:// fb.me/1gpdG2tj9",,
,2016-07-23 12:43:13,0,0,"Donald Trump Sent His Own Plane To Transport 200 Stranded Marines http:// fb.me/2roDozO1P",,
,2016-07-23 12:37:10,0,0,"Donald Trump Sent His Own Plane To Transport 200 Stranded Marines http:// fb.me/LfYf3l08",,
,2016-07-23 12:29:42,0,0,"Donald Trump Sent His Own Plane To Transport 200 Stranded Marines http:// fb.me/2javLJicQ",,
,2016-07-23 11:49:22,0,0,"Donald Trump Sent His Own Plane To Transport 200 Stranded Marines http:// fb.me/4BWSSu69f",,
,2016-07-22 23:54:16,0,0,"RT MichelleLovett6: Donald Trump Sent His Own Plane To Transport 200 Stranded Marines http:// fb.me/3VVXOXsyR",,
,2016-07-22 20:13:24,9,11,"Donald Trump Sent His Own Plane To Transport 200 Stranded Marines http:// fb.me/3VVXOXsyR",,
,2016-07-20 11:34:41,0,0,"Donald Trump Sent His Own Plane To Transport 200 Stranded Marines - http:// goo.gl/2PwGA7",,
,2016-07-20 02:12:58,0,0,"Donald Trump Sent His Own Plane To Transport 200 Stranded Marines http:// fb.me/FTJujhba",,
,2016-07-19 20:02:05,0,0,"Donald Trump Sent His Own Plane To Transport 200 Stranded Marines - http:// goo.gl/2PwGA7",,
,2016-07-19 16:01:35,0,0,"Donald Trump Sent His Own Plane To Transport 200 Stranded Marines - http:// goo.gl/2PwGA7",,
,2016-07-19 13:35:00,0,0,"Donald Trump Sent His Own Plane To Transport 200 Stranded Marines http:// fb.me/4TIFfgKcQ",,
,2016-07-19 10:19:38,0,0,"Donald Trump Sent His Own Plane To Transport 200 Stranded Marines  American Military News http:// americanmilitarynews.com/2016/05/donald -trump-sent-his-own-plane-to-transport-200-stranded-marines/ ",,
,2016-07-18 10:46:58,0,0,"Donald Trump Sent His Own Plane To Transport 200 Stranded Marines http:// fb.me/4LgmtegzK",,
,2016-07-18 07:46:53,0,0,"Donald Trump Sent His Own Plane To Transport 200 Stranded Marines http:// fb.me/2LSbypsLv",,
,2016-07-16 13:01:18,0,0,"Donald Trump Sent His Own Plane To Transport 200 Stranded Marines http:// fb.me/2P1eU9gu9",,
,2016-07-16 13:00:42,0,0,"Donald Trump Sent His Own Plane To Transport 200 Stranded Marines http:// fb.me/2Q9JcmtHx",,
,2016-07-08 18:25:03,0,0,"Donald Trump Sent His Own Plane To Transport 200 Stranded Marines http:// fb.me/7Q9FcE3In",,
,2016-07-05 21:02:42,0,0,"Donald Trump Sent His Own Plane To Transport 200 Stranded Marines http:// fb.me/5gXfvDbZu",,
,2016-07-05 20:41:02,0,0,"Donald Trump Sent His Own Plane To Transport 200 Stranded Marines http:// fb.me/2ue1LaEd4",,
,2016-07-05 20:40:43,0,0,"Donald Trump Sent His Own Plane To Transport 200 Stranded Marines - http:// goo.gl/IdO4jY",,
,2016-07-04 13:21:30,0,0,"Donald Trump Sent His Own Plane To Transport 200 Stranded Marines http:// fb.me/6aptI7RgH",,
,2016-07-02 17:22:18,0,0,"Donald Trump Sent His Own Plane To Transport 200 Stranded Marines http:// fb.me/78eeeoT5f",,
,2016-07-02 13:18:45,0,0,"Donald Trump Sent His Own Plane To Transport 200 Stranded Marines - http:// goo.gl/IdO4jY",,
,2016-07-02 09:41:37,0,0,"Donald Trump Sent His Own Plane To Transport 200 Stranded Marines - http:// goo.gl/IdO4jY",,
,2016-07-02 06:04:57,0,0,"Donald Trump Sent His Own Plane To Transport 200 Stranded Marines http:// fb.me/804Xn6Esr",,
,2016-07-01 23:54:04,0,0,"Donald Trump Sent His Own Plane To Transport 200 Stranded Marines http:// fb.me/4xf10HCMr",,
,2016-07-01 19:17:36,0,0,"Donald Trump Sent His Own Plane To Transport 200 Stranded Marines http:// fb.me/7VTSAQWGQ",,
,2016-07-01 14:27:36,0,0,"Donald Trump Sent His Own Plane To Transport 200 Stranded Marines - http:// goo.gl/IdO4jY",,
,2016-06-30 18:52:17,0,0,"Donald Trump Sent His Own Plane To Transport 200 Stranded Marines - http:// goo.gl/IdO4jY",,
,2016-06-30 18:32:05,0,0,"Donald Trump Sent His Own Plane To Transport 200 Stranded Marines http:// fb.me/4L01uL9TG",,
,2016-06-30 18:31:13,0,0,"Donald Trump Sent His Own Plane To Transport 200 Stranded Marines - http:// goo.gl/IdO4jY",,
,2016-06-30 17:57:14,0,0,"Donald Trump Sent His Own Plane To Transport 200 Stranded Marines @ConservaThinker @BirgitOlsen1 #tcot http:// americanmilitarynews.com/2016/05/donald -trump-sent-his-own-plane-to-transport-200-stranded-marines/?utm_campaign=shareaholic&utm_medium=twitter&utm_source=socialnetwork ",#tcot,@ConservaThinker @BirgitOlsen1
,2016-06-30 15:06:44,0,0,"Donald Trump Sent His Own Plane To Transport 200 Stranded Marines - http:// goo.gl/IdO4jY",,
,2016-06-27 17:40:58,2,3,"Donald Trump Sent His Own Plane To Transport 200 Stranded Marines http:// fb.me/z1OomvW1",,
,2016-06-26 17:19:30,0,0,"Donald Trump Sent His Own Plane To Transport 200 Stranded Marines http:// fb.me/89YwbEy6A",,
,2016-06-26 14:13:00,0,1,"Donald Trump Sent His Own Plane To Transport 200 Stranded Marines http:// fb.me/5b7uNOrCC",,
,2016-06-26 08:47:28,0,0,"Donald Trump Sent His Own Plane To Transport 200 Stranded Marines - http:// goo.gl/IdO4jY",,
,2016-06-26 00:03:33,0,0,"What would Hikliary have done? I bet nothing! Donald Trump Sent His Own Plane To Transport 200 Stranded Marines - http:// goo.gl/IdO4jY",,
,2016-06-25 22:12:19,0,0,"Donald Trump Sent His Own Plane To Transport 200 Stranded Marines http:// fb.me/1nLjocMog",,
,2016-06-25 21:09:53,0,0,"Donald Trump Sent His Own Plane To Transport 200 Stranded Marines http:// fb.me/2N4lFGtbC",,
,2016-06-25 21:09:44,0,0,"Donald Trump Sent His Own Plane To Transport 200 Stranded Marines http:// fb.me/2ScAFZNV4",,
,2016-06-25 19:19:04,0,0,"Donald Trump Sent His Own Plane To Transport 200 Stranded Marines http:// fb.me/6A0SDE5Vv",,
,2016-06-25 18:43:07,0,0,"Donald Trump Sent His Own Plane To Transport 200 Stranded Marines http:// fb.me/4mmyJQLqZ",,
,2016-06-25 15:42:04,0,0,"Donald Trump Sent His Own Plane To Transport 200 Stranded Marines http:// fb.me/2JOUxo7Mm",,
,2016-06-25 12:44:20,0,0,"Donald Trump Sent His Own Plane To Transport 200 Stranded Marines http:// fb.me/7W3qFLOMz",,
,2016-06-25 12:31:43,0,0,"Donald Trump Sent His Own Plane To Transport 200 Stranded Marines http:// fb.me/80GPE1gji",,
,2016-06-25 09:02:13,0,0,"Donald Trump Sent His Own Plane To Transport 200 Stranded Marines http:// fb.me/745gk1sUG",,
,2016-06-24 22:41:17,0,0,"Donald Trump Sent His Own Plane To Transport 200 Stranded Marines http:// fb.me/2w9z0do1h",,
,2016-06-21 22:26:22,0,0,"Donald Trump Sent His Own Plane To Transport 200 Stranded Marines http:// fb.me/3F9tCqOQ5",,
,2016-06-20 10:00:37,0,4,"Donald Trump Sent His Own Plane To Transport 200 Stranded Marines - http:// ln.is/americanmilita rynews.com/uAazU ",,
,2016-06-18 18:37:14,0,0,"Donald Trump Sent His Own Plane To Transport 200 Stranded Marines http:// fb.me/DThrWgy9",,
,2016-06-16 16:09:10,0,0,"Donald Trump Sent His Own Plane To Transport 200 Stranded Marines http:// fb.me/1bYv1nTe6",,
,2016-06-15 16:36:03,0,0,"Donald Trump Sent His Own Plane To Transport 200 Stranded Marines http:// fb.me/4TJjFiHEu",,
,2016-06-15 09:50:04,0,0,"Donald Trump Sent His Own Plane To Transport 200 Stranded Marines http:// fb.me/7O8SHlZKY",,
,2016-06-15 01:14:51,0,1,"Donald Trump Sent His Own Plane To Transport 200 Stranded Marines http:// fb.me/v2S11b24",,
,2016-06-14 23:46:39,0,0,"Donald Trump Sent His Own Plane To Transport 200 Stranded Marines http:// fb.me/4ZnuiC68C",,
,2016-06-14 23:26:18,19,15,"Donald Trump Sent His Own Plane To Transport 200 Stranded Marines - http:// goo.gl/IdO4jY",,
,2016-06-14 13:36:51,0,0,"Donald Trump Sent His Own Plane To Transport 200 Stranded Marines http:// fb.me/76VsHYyO0",,
,2016-06-13 07:23:00,0,0,"Donald Trump Sent His Own Plane To Transport 200 Stranded Marines http:// fb.me/19fd9ml7H",,
,2016-06-11 23:10:48,0,0,"Donald Trump Sent His Own Plane To Transport 200 Stranded Marines http:// fb.me/1anydgewM",,
,2016-06-11 23:09:58,1,0,"Donald Trump Sent His Own Plane To Transport 200 Stranded Marines http:// fb.me/4JI2DM2vw",,
,2016-06-10 12:36:31,0,0,"Donald Trump Sent His Own Plane To Transport 200 Stranded Marines http:// fb.me/5g1lRLTt5",,
,2016-06-08 09:23:14,0,0,"Donald Trump Sent His Own Plane To Transport 200 Stranded Marines - http:// goo.gl/IdO4jY",,
,2016-06-02 03:17:32,0,0,"Donald Trump Sent His Own Plane To Transport 200 Stranded Marines http:// fb.me/4IBj87WGl",,
,2016-05-31 17:40:41,0,0,"Donald Trump Sent His Own Plane To Transport 200 Stranded Marines - http:// goo.gl/IdO4jY",,
,2016-05-31 12:14:50,1,2,"Donald Trump Sent His Own Plane 200 Stranded Marines - http:// goo.gl/IdO4jY @realdonaldtrump @cnn @foxnews @abcnews",,@realdonaldtrump @cnn @foxnews @abcnews
,2016-05-31 11:37:06,0,0,"It was 25 years ago but @realDonaldTrump is genuine. Trump Sent His Own Plane To Transport 200 Stranded Marines - http:// goo.gl/IdO4jY",,@realDonaldTrump
,2016-05-30 15:27:44,0,1,"Donald Trump Sent His Own Plane To Transport 200 Stranded Marines http:// fb.me/1jrkZyj4b",,
,2016-05-30 10:07:14,0,0,"DONALD TRUMP SENT HIS OWN PLANE TO TRANSPORT 200 STRANDED MARINES http:// americanmilitarynews.com/2016/05/donald -trump-sent-his-own-plane-to-transport-200-stranded-marines/?utm_medium=facebook&utm_campaign=alt&utm_source=colddeadhands ",,
,2016-05-29 23:51:34,0,0,"Donald Trump Sent His Own Plane To Transport 200 Stranded Marines - http:// goo.gl/IdO4jY",,
,2016-05-29 17:58:21,0,0,"Donald Trump Sent His Own Plane To Transport 200 Stranded Marines http:// fb.me/171ANTj9G",,
,2016-05-27 11:48:14,0,0,"#Trump sent his own plane to pick up stranded marines .... http:// fb.me/7Ia4IcNls",#Trump,
,2016-05-26 22:31:47,0,0,"Donald Trump Sent His Own Plane To Transport 200 Stranded Marines http:// fb.me/Bd3xwJKA",,
,2016-05-26 18:02:44,0,0,"Donald Trump Sent His Own Plane To Transport 200 Stranded Marines http:// fb.me/4KGy7eZ5O",,
,2016-05-25 03:33:29,1,1,"Donald Trump Sent His Own Plane To Transport 200 Stranded Marines http:// fb.me/7UXxKifI7",,
,2016-05-25 02:27:29,0,0,"Donald Trump Sent His Own Plane To Transport 200 Stranded Marines - http:// goo.gl/IdO4jY",,
,2016-05-24 22:29:04,6,7,"DONALD TRUMP SENT HIS OWN PLANE TO TRANSPORT 200 STRANDED MARINES http:// americanmilitarynews.com/2016/05/donald -trump-sent-his-own-plane-to-transport-200-stranded-marines/?utm_medium=facebook&utm_campaign=alt&utm_source=colddeadhands ",,
,2016-05-24 18:50:26,0,0,"DONALD TRUMP SENT HIS OWN PLANE TO TRANSPORT 200 STRANDED MARINES http:// americanmilitarynews.com/2016/05/donald -trump-sent-his-own-plane-to-transport-200-stranded-marines/?utm_medium=facebook&utm_campaign=alt&utm_source=colddeadhands ",,
,2016-05-24 18:32:01,0,0,"Trump 's so bad he did this: DONALD TRUMP SENT HIS OWN PLANE TO TRANSPORT 200 STRANDED MARINES http:// americanmilitarynews.com/2016/05/donald -trump-sent-his-own-plane-to-transport-200-stranded-marines/?utm_medium=facebook&utm_campaign=alt&utm_source=colddeadhands ",,
,2016-05-24 06:13:41,0,0,"Donald Trump Sent His Own Plane To Transport 200 Stranded Marines http:// fb.me/4K5IvTk2S",,
,2016-05-23 23:35:19,0,0,"Donald Trump Sent His Own Plane To Transport 200 Stranded Marines http:// fb.me/1koFBr3c1",,
,2016-05-23 22:31:19,0,2,"Donald Trump Sent His Own Plane To Transport 200 Stranded Marines - http:// goo.gl/IdO4jY beyond presidential Trump 2016!",,
,2016-05-23 21:42:00,0,0,"Donald Trump Sent His Own Plane To Transport 200 Stranded Marines http:// fb.me/5wNi0mC9h",,
,2016-05-23 19:23:40,0,0,"Donald Trump Sent His Own Plane To Transport 200 Stranded Marines http:// fb.me/5GpVzNV50",,
,2016-05-23 18:29:33,0,0,"Donald Trump Sent His Own Plane To Transport 200 Stranded Marines http:// fb.me/4DMU5M14F",,
,2016-05-23 16:36:36,0,0,"Donald Trump Sent His Own Plane To Transport 200 Stranded Marines http:// fb.me/51vl4b5I2",,
,2016-05-23 12:29:24,0,0,"Trump used his own plane to pick up 200 STRANDED Marines FLEW THEM HOME  NOT A DIRT BAG ! 10 YEARS AGO !!",,
,2016-05-23 11:22:02,0,0,"Donald Trump Sent His Own Plane To Transport 200 Stranded Marines http:// fb.me/Zh40R0eQ",,
,2016-05-23 01:30:45,0,0,"Donald Trump Sent His Own Plane To Transport 200 Stranded Marines - http:// goo.gl/IdO4jY",,
,2016-05-23 00:26:57,1,0,"Donald Trump Sent His Own Plane To Transport 200 Stranded Marines - http:// goo.gl/IdO4jY",,
,2016-05-22 17:16:00,0,0,"Donald Trump Sent His Own Plane To Transport 200 Stranded Marines http:// fb.me/85Bobv6R3",,
,2016-05-22 17:10:29,0,0,"Donald Trump Sent His Own Plane To Transport 200 Stranded Marines http:// fb.me/3gdGPXJhM",,
,2016-05-22 15:03:14,0,0,"Donald Trump Sent His Own Plane To Transport 200 Stranded Marines - http:// goo.gl/IdO4jY",,
,2016-05-22 14:51:52,0,0,"#Trump @realDonaldTrump Flew 200 #Stranded #Marines Home in 1991...In His Own Plane  On His Own Dime http:// m.hannity.com/articles/hanpr -election-493995/200-stranded-marines-needed-a-plane-14727522/ ",#Trump #Stranded #Marines,@realDonaldTrump
,2016-05-22 14:20:53,20,18,"#MAGA Donald Trump Sent His Own Plane To Transport 200 Stranded Marines http:// americanmilitarynews.com/2016/05/donald -trump-sent-his-own-plane-to-transport-200-stranded-marines/?utm_campaign=shareaholic&utm_medium=twitter&utm_source=socialnetwork  #WomenForTrump pic.twitter.com/Z9JuIl8R3e",#MAGA #WomenForTrump,
,2016-05-22 13:55:33,0,0,"Donald Trump Sent His Own Plane To Transport 200 Stranded Marines http:// fb.me/4FUdlUZMj",,
,2016-05-22 11:56:29,0,0,"Mr. #Trump Sent His Own Plane To Transport 200 Stranded #Marines - http:// goo.gl/IdO4jY #notPolitics #bigHeart #HeCares",#Trump #Marines #notPolitics #bigHeart #HeCares,
,2016-05-22 05:49:34,0,0,"Donald Trump Sent His Own Plane To Transport 200 Stranded Marines - http:// goo.gl/IdO4jY",,
,2016-05-21 18:27:55,0,0,"Donald Trump Sent His Own Plane To Transport 200 Stranded Marines http:// fb.me/7PO9WYN0N",,
,2016-05-21 18:25:27,0,1,"Donald Trump Sent His Own Plane To Transport 200 Stranded Marines - http:// goo.gl/IdO4jY #trump #NeverHillary",#trump #NeverHillary,
,2016-05-21 17:19:14,0,0,"Donald Trump Sent His Own Plane To Transport 200 Stranded Marines - http:// goo.gl/IdO4jY",,
,2016-05-21 17:16:16,0,0,"Donald Trump Sent His Own Plane To Transport 200 Stranded Marines - http:// goo.gl/IdO4jY And he did this many many years ago",,
,2016-05-21 17:12:59,0,0,"Donald Trump Sent His Own Plane To Transport 200 Stranded Marines - http:// goo.gl/IdO4jY",,
,2016-05-21 16:22:24,0,0,"Donald Trump Sent His Own Plane To Transport 200 Stranded Marines http:// fb.me/2jte32DzW",,
,2016-05-21 12:46:13,1,1,"Donald Trump Sent His Own Plane To Transport 200 Stranded Marines - http:// goo.gl/IdO4jY",,
,2016-05-21 10:33:51,0,0,"Donald Trump Sent His Own Plane To Transport 200 Stranded Marines http:// fb.me/4PRpheLvC",,
,2016-05-21 10:11:53,0,0,"Donald Trump Sent His Own Plane To Transport 200 Stranded Marines http:// fb.me/wHQDRVCH",,
,2016-05-21 08:34:42,0,0,"Donald Trump Sent His Own Plane To Transport 200 Stranded Marines http:// fb.me/7RT5NJNgN",,
,2016-05-21 07:35:20,0,0,"Donald Trump Sent His Own Plane To Transport 200 Stranded Marines http:// fb.me/3Gr8PHRdA",,
,2016-05-21 03:23:54,0,0,"Donald Trump Sent His Own Plane To Transport 200 Stranded Marines - http:// goo.gl/IdO4jY",,
,2016-05-21 03:04:46,0,2,"Donald Trump Sent His Own Plane To Transport 200 Stranded Marines http:// fb.me/7oi756Bl1",,
,2016-05-20 21:02:09,1,1,"Donald Trump Sent His Own Plane To Transport 200 Stranded Marines http:// nyc.epeak.in/frame/?url=aHR 0cDovL2FtZXJpY2FubWlsaXRhcnluZXdzLmNvbS8yMDE2LzA1L2RvbmFsZC10cnVtcC1zZW50LWhpcy1vd24tcGxhbmUtdG8tdHJhbnNwb3J0LTIwMC1zdHJhbmRlZC1tYXJpbmVzLw%3D%3D&id=1598473 ",,
,2016-05-20 18:35:25,10,10,"Donald Trump Sent His Own Plane To Transport 200 Stranded Marines - http:// goo.gl/IdO4jY",,
,2016-05-20 17:33:18,0,0,"Donald Trump Sent His Own Plane To Transport 200 Stranded Marines - http:// goo.gl/IdO4jYNO HAVE NOT. SEND.",,
,2016-05-20 17:32:43,0,1,"Donald Trump Sent His Own Plane To Transport 200 Stranded Marines - http:// goo.gl/IdO4jY",,
,2016-05-20 03:24:16,0,1,"Did NAZI TRUMP own air service in 1991? 200 Stranded Marines Needed A Plane Ride Home http://www. hannity.com/articles/elect ion-493995/200-stranded-marines-needed-a-plane-14727522/  via @seanhannity",,@seanhannity
,2016-05-19 20:33:48,0,0,"You read the past news about Trump sending his own plane to bring back stranded marines 1991",,
